0.5985446808761677500
0.4995771452587564600
0.8153206582887417800
0.3614864730748075200
0.0184030747215883880
0.1132327303480788500
0.5577224316038700300
0.6245084020627859100
0.8225767138625375000
0.5669783325544262000
0.8271532533388377100
0.2183059471132326200
0.2844209913236318000
0.5928200353312802500
0.2405407322536072000
0.7958698543316554700
0.5944304878156753100
0.4582307677436001600
0.4269569021260786200
0.6847261675608454800
0.1156960922220316200
0.7158191889190948000
0.1131941817299251000
0.4904091591619082500
0.3747406444502773300
0.1679753424974166400
0.9110673089705465500
0.2372784843898067300
0.9013121925561327100
0.5259651783979557600
0.0184157880312106540
0.2875670201808114300
0.4355164802772170100
0.5139968343311939200
0.1094241395837237400
0.8577026196841961400
0.0674513984872670560
0.7132862973668240300
0.3479456668738491500
0.5213765208939301600
0.8050432582812738800
0.1903144514983844400
0.4755952278116852300
0.6490049339554707600
0.8231734716059218000
0.4147240205430713400
0.3090678591210189700
0.1655146369777635900
0.2300160567061880500
0.2268824313458295000
0.8317406986079733900
0.3854825137923656400
0.3928457128347368500
0.5634487251433086800
0.5587481126111141200
0.2552628684716453100
0.3214712376078116000
0.0753710245982551070
0.5323133389173880800
0.1570907784261509600
0.3713401355074940600
0.1173083397882717900
0.8648576051374311500
0.7273570372949994500
0.2135601545020827900
0.3816566666051279300
0.3438884404065481500
0.6997992704749156400
0.1235866153609440400
0.0200818975426742300
0.8519259923920268200
0.8415163262964630000
0.1827624674835919000
0.3568878534496935400
0.2035638220392821400
0.5149970047468635000
0.9419266436160472800
0.8226533511026187200
0.1511913012117171400
0.1140618279758140300
0.3038080976786138900
0.3081826439971080400
0.4552264118627350500
0.5607247032840417800
0.9814870338221897100
0.1488894820318411000
0.0194060900125813260
0.1973579440937580100
0.2953139571769691800
0.2350902598811721900
0.6253003301252669800
0.5090804846719670900
0.7365121060176513800
0.9413002768178635500
0.6749127387656721500
0.4489555629323616100
0.5836002379242462000
0.2984570410538806000
0.3355915613718939400
0.2477725955368941800
0.2452099836549521100
0.2522999383564067900
0.4719190923443760700
0.7500589713265575200
0.7680224488020891400
0.7105285005956805100
0.7491001090763339500
0.3281506060582342100
0.7521070199631336700
0.4039254951996738000
0.2153163393103061100
0.5511526332756863100
0.3516424007027556000
0.4020985119472192400
0.5150426616676580000
0.0192611488059800840
0.8916026633345535100
0.9296993799752130100
0.7680120034536608300
0.1066815226233127400
0.6039913570636753500
0.2030217523110699200
0.6222342935681255400
0.2796871319112613200
0.1176303729061803400
0.5189295142264412900
0.0983563528937999860
0.2780761050593879000
0.7775740574092520100
0.4357844049953368800
0.9829357001013430100
0.0890918580344770840
0.6335486979344481200
0.4211487011371750600
0.7551471195949011100
0.0575442074230257390
0.5656998885391864000
0.6425716280530061600
0.6216476494994848100
0.3713736558937207300
0.0560616735209400400
0.3442301972547289800
0.0185058385354385300
0.7540186678420269800
0.0223274157442872530
0.2439228667124530000
0.8202022616639679200
0.3417684792896759100
0.6506751437627253900
0.9600443648968446400
0.8163986472161769400
0.6989919310032909300
0.8525035171850773300
0.0956761260472190480
0.9642135305340396900
0.9215169304669290600
0.4747727029471748300
0.9130075051831602100
0.5511750542269081600
0.0490462466697265400
0.0564035623977766010
0.8809018055346478100
0.2841605781959579700
0.4907477497550608000
0.4785739423934271000
0.2264200425765835500
0.7183367641874592900
0.8017564947422348700
0.8191741146909362600
0.7186138999994755600
0.2789970347528535900
0.7357597503748593000
0.9450314813479883100
0.4694434177438446800
0.4201081357178258500
0.8396182371241751600
0.8880655189715431800
0.1266442503914710600
0.9398451758259821500
0.8324755478217610300
0.8144296169441857000
0.7357340462069837900
0.0189404795550632730
0.3821391758283592700
0.2994848655477304600
0.2497415842749830000
0.8874731027786682000
0.5819527417793770600
0.1360091492196395500
0.1875625494306215300
0.0713477637179405770
0.0726320851160437710
0.1759837148395720100
0.1656050301350253700
0.3520345470681149900
0.8316411508796359700
0.3812750528795896800
0.0758293624250951370
0.4971204371073919000
0.1697908713333284300
0.3932367749633525800
0.0371020031763979530
0.5473389515882006700
0.9810598210178441700
0.8773084947071906300
0.7511912797564691500
0.7842457709034500500
0.8232335432785772300
0.5592196164813086900
0.8524274459496459200
0.6047547515003703900
0.4488525847154057300
0.7755872589356860300
0.7141578630979775700
0.9600671590451845800
0.3037299403620769000
0.5294070756801383400
0.6028984229915029800
0.2429996168369805700
0.3293726252547878900
0.7440068578965183300
0.6829761944953788300
0.9109907699773146500
0.9805441660246661000
0.1941325812070197600
0.6570578025037733200
0.6007133270652719200
0.1932460328770506400
0.6011562823208160800
0.4322106956827353500
0.7007348095898595600
0.0703878528970354470
0.3960933527692651600
0.6053278593008646300
0.3432081424330817900
0.0909427015407701930
0.3000082851878138100
0.7524806163432064000
0.3673551362021697000
0.3371751300366106500
0.9615848162372163700
0.3345237062425319200
0.4623728363779842100
0.9160849023315753600
0.6918736938125079600
0.5571207924170469300
0.0183374168264194800
0.5290098811889827300
0.5838165730998080600
0.3647863987756786400
0.6171048180886076200
0.6226344130853078700
0.1300208079376962700
0.8146680795188168100
0.2159408861001258500
0.4004981482832241600
0.6311294420089465000
0.1348699374324569300
0.5847698339718844200
0.0697738458937828680
0.6795279575447189500
0.4798008525540136100
0.7729988249909908200
0.2835377822476226100
0.5872411414822641400
0.2409691307361643000
0.7509519146525037700
0.6929752136203568600
0.8000586483453232500
0.4702197906880897800
0.2101960864960515700
0.6941605985768516400
0.1486207543678130200
0.2675491697857303500
0.0604559519728501900
0.9369571226166443200
0.9808933729700712900
0.0351842642642185150
0.3049449345193340200
0.7118577965253063400
0.8273585254959297000
0.9239761472767037400
0.7920852060629168800
0.8939758455498045800
0.9578220583028745900
0.9288022696968384300
0.3388861721157782100
0.6046205449117322300
0.9483277828056691000
0.9112823899184577800
0.1685910957691003400
0.2905611682438575300
0.4587827348270342400
0.3405583113631754900
0.8784009229628126900
0.6300988868581496300
0.8850447668315093400
0.4474680685327384100
0.3160917461602045200
0.3063477061213738000
0.0822826085254632630
0.0549955908022315140
0.8050590240127960500
0.6342449530660540000
0.4243387903598685500
0.2038314685455979400
0.2670932437902942500
0.9638306246380363700
0.7547092180379287900
0.2068008089704636300
0.0952348218974029130
0.6043166089087386200
0.7068060842653918200
0.6185027810709753400
0.7636889778983861900
0.0356029538209216780
0.1694340057075644500
0.5446481485053295000
0.6030642584606633600
0.4452079275837357300
0.9047213524522747000
0.4125629011944797500
0.3794464570588229600
0.9172065663120749800
0.2180638421286075200
0.8702154294575404900
0.8444942603507890100
0.2469195060184270500
0.1263814958166818200
0.3559144061379904100
0.9209393847126446900
0.4197769211830060800
0.7712890615354698300
0.9483386130176068000
0.9262736343368065400
0.6875587479352549500
0.4369125681350464200
0.5672518930012214700
0.9803954326445204500
0.8602927418438651700
0.0196779565230873370
0.3357715536185531000
0.9227463424318511600
0.1483487882838574200
0.5306953131363749700
0.1448442434676082700
0.5467272449688435100
0.4332811070000732700
0.7951513675656534100
0.7222544919572069200
0.2972221176542981800
0.9084849477449648000
0.9088119096088105300
0.3247263852685683400
0.4489574687630711300
0.1192827113165430600
0.4214700502768390900
0.2265278749773139700
0.6235394857196008300
0.0517422468308228050
0.9100952257672799700
0.8548493383985145100
0.0727836235085550930
0.8485260464619827100
0.4902419866985411300
0.9538340136379218600
0.4168430001823476000
0.9379621314722862400
0.3570546181218525200
0.1328146452815747200
0.6272334774993316700
0.3496265729838172700
0.2613173523147350200
0.5750988719108951500
0.7018225636966293200
0.8443557523653891800
0.3589345652254592500
0.9551188284268440400
0.5396805426119585200
0.6412418148980515400
0.8046429035754973900
0.9368420063696174500
0.2704086492467857600
0.3204157748291585600
0.5153810619887112500
0.3467745378142245700
0.0815986237649844880
0.5418716644964070000
0.9196848881091931300
0.1104449066707154100
0.5527536712270558800
0.6919352171606504300
0.4289655653419666100
0.2812302103942685400
0.1307400713125975700
0.7147148837553849400
0.3246643119505623300
0.0796570033282801990
0.8735819405931634100
0.6384630539631968000
0.4417021376067105100
0.9619068079195498600
0.7874156807919570100
0.3357801134944815000
0.2957072880066509100
0.1991500452908207500
0.6117101495177018600
0.4502390627413940800
0.2424556047154367600
0.5351966415501732100
0.2757366934038287300
0.6404885136958560200
0.9407129889257015400
0.7585076870799001300
0.3717646805205649900
0.7932162298220222200
0.0549179746134028160
0.5497538105776895700
0.1674258373077291400
0.6832291417001209500
0.1465742193769301000
0.1395001252021423100
0.4525912004398361400
0.2342407128701021500
0.2907543655923782200
0.5976374804421624700
0.4132687647283818700
0.3308497809226908500
0.5461083366128688400
0.5475155300893428400
0.6398618644692277700
0.4297059298292743000
0.9606740631655489300
0.5490359680399875500
0.4900690919992097300
0.9609687896238842100
0.7895486383737790900
0.3152209278607988100
0.5106395169549286000
0.8796126700487427700
0.3194802309447085100
0.8996685482734954100
0.7828108396312732900
0.0181609047214077130
0.6704221735142372700
0.4960895011919662600
0.2362327390732293100
0.7700118581234741700
0.8403199046440947800
0.5108719371295261700
0.5767996468698481900
0.5843944259545028600
0.8791798018327176000
0.8880977107109674400
0.2867050148239315100
0.0929108008871808860
0.9803509127583022200
0.2287556235435572500
0.7922145435742766800
0.1894860484996694300
0.0942449780243223290
0.7547021358924600500
0.6468207160238913500
0.7184002721124578300
0.2343669017371030300
0.8398065049252940700
0.1855968686515851700
0.6906586597778312500
0.6616657789823099400
0.8181717590121490000
0.4153136971881388800
0.7267135882544244500
0.4831660759916295300
0.4559941552140848200
0.7952195454786192800
0.0996194726831247800
0.6580652000962956500
0.3184644963790321200
0.6642881537279427000
0.2209989785516872400
0.3323313520646347100
0.8367847706728139800
0.1466470469000232500
0.7481149726753945100
0.9432916084682206900
0.9810761751816213800
0.5883508435735671500
0.3158870686975394600
0.7757599282860551100
0.8032072733887206700
0.5700633169788860100
0.2092902035894343400
0.6202072704744456800
0.6941654049585909100
0.1070343966968886500
0.3837325546650813300
0.8899085569212704700
0.0970728747094705830
0.5093885879371241600
0.7543484523292515200
0.1096904340437224600
0.9807647341433551900
0.0706310372018100900
0.8414642509898405700
0.5080711250382511400
0.8860390031438142300
0.8482698302194210400
0.8592114967110666700
0.2933938215722559100
0.3953151612626212800
0.8505868959405507000
0.7798754969741970000
0.9314423616416551700
0.5549864251086187300
0.2675934608086896800
0.5020534391225027800
0.1917782075997958000
0.9807846409337653800
0.7124465747699071400
0.5123726425986948600
0.1167930074761297600
0.7875837113053586500
0.0903269937069799690
0.6582501210135944800
0.1565503644808348400
0.1665893648364577500
0.3293987661712661200
0.1672780033672049700
0.3581587733611379900
0.6247452932685382300
0.2244316845360419000
0.3190338726793470700
0.3904787495229237200
0.5783773097439364200
0.1358172059676593900
0.2748499802676214200
0.7349992649329336600
0.8180851288991057800
0.6703489823693867800
0.7238655530116945300
0.5876243746088797300
0.1878629118111052900
0.6827729042304495600
0.0368903033399247330
0.2008077368232993000
0.5088427606382298600
0.8873681973885637600
0.5019809650720703500
0.8971504962534012600
0.7231498632336251800
0.0520410220488120650
0.1826769288853277400
0.2082901310152204500
0.1955398326628506600
0.4385198829196533800
0.4319611385931899100
0.6305255197276993200
0.8548781249756876000
0.7475003663170996000
0.7036805058195673100
0.6712044643428426400
0.6370517902734541500
0.8228981971540848500
0.8645265189210038500
0.9397273273435775600
0.5867406167734048300
0.8765253006361499700
0.4681146929610325900
0.6663630628773108400
0.0729670391367396310
0.6490279826236564600
0.1136840458906504400
0.5236562838727878400
0.2119305182961247800
0.7398380778153503800
0.5686061346447237600
0.6839591491834906600
0.9611283891614953400
0.1900191214221922900
0.6816039680700563000
0.0168269602156232300
0.7358914606884434700
0.3301221370180710800
0.6957571311435673000
0.1753714580951913900
0.7823396846076421400
0.2774620862835215400
0.7033564047518943200
0.9581212541336242600
0.3571996956800514400
0.7422374004976712800
0.6002557056011195200
0.5705915955039235800
0.9600377958204638900
0.9760645275201639300
0.4367430345231148000
0.0375007062378264340
0.8544512763664213800
0.7149140986813284900
0.8642407713640777300
0.0188392756353711820
0.6583176398004562100
0.4866142350039069900
0.3925774119745671400
0.2632402892424513000
0.0806751764013268760
0.1842626595861465200
0.7014454263916088900
0.8083205894798763900
0.5870339537289999100
0.7962223974385666000
0.9407197902242807600
0.1967647595903327700
0.2798348117183375700
0.7702892656162668700
0.0375236636628785560
0.8545071726718277400
0.2043156036925191400
0.8765836622945766300
0.1536579032550068300
0.6842002790344295900
0.7968146021718076600
0.0904382044263484790
0.9420916804620860200
0.8891840513694627700
0.6027584249730844100
0.9269869869126036200
0.0561831817283032710
0.8931208972660710200
0.2476525565826348300
0.1869829536814016100
0.4986004366581015500
0.5339207002370659500
0.3190784299012772200
0.6411402359153420800
0.3178417718136929400
0.7206800054608669700
0.1573456905441053000
0.4809172063021459600
0.3004811475904891600
0.6672084038786051400
0.9710360878844279700
0.6188011178801728900
0.4087998063474956900
0.7702343075353791400
0.2804561739286257600
0.7363062295245402800
0.2346222517258159400
0.7004738797412895000
0.1143820887520294500
0.2346753960094900300
0.2245463456624793300
0.9024410332259711300
0.7405933018621421200
0.5789779700615721400
0.6051209003313787700
0.5328859181468174100
0.9020250955519088000
0.1094858521505494100
0.6543532371626029600
0.1271543393339962500
0.4868619237865671700
0.4963633471779930200
0.6382273425234205000
0.3524081594914375000
0.4044594994145855300
0.6576538833449725500
0.1999948308763504200
0.2363211569579957100
0.4726440759125314900
0.8092351062282464600
0.6608094577068528400
0.1497093412424443700
0.0368400606460919240
0.0367158572424322390
0.1296536891909461100
0.7464892481869035400
0.2750348185337184200
0.4790620810266507100
0.0371329351304711260
0.1050986101713779100
0.2071365029455596900
0.1113067000068362600
0.9419088440321519200
0.0377465411864991440
0.6175092000317685700
0.6246419355329929600
0.6673851220529917200
0.3909271198112761500
0.4354021873123030700
0.2152540939393635700
0.6037196232981827400
0.8322722773128762300
0.2226354389055293600
0.9283039170817625200
0.8140455604520805400
0.7331765272400465600
0.8411026017679027500
0.6312215449247904300
0.5280733842294381700
0.7929088069487414400
0.8820757990343607300
0.3373175166060785000
0.6680179491721556200
0.9081006460277145600
0.5665753492177489900
0.2689565885213695600
0.4306556813560190600
0.9217110362122881200
0.8221810862104970100
0.0187557172557721100
0.6385934056511741700
0.1327134051451791300
0.1892870425555044900
0.4887853779689854700
0.0386945005887562730
0.3817844316405062900
0.8759317642342626700
0.9018738024670679400
0.8085491522111915000
0.3177513478365208700
0.1028380535795486300
0.2064543614788046900
0.2847208757264529900
0.0906150488147243610
0.8821078631980077100
0.1762828319458102600
0.4921790961301980000
0.5146638072954118300
0.8553906669119247800
0.9495665402081580100
0.6476682911695873500
0.5471933930398793500
0.6436714465478599000
0.8651793834971028800
0.7032006321381683000
0.2438647003417726300
0.0173961966528606570
0.5610111110884955500
0.2355598323783514000
0.6794017413443652600
0.1454262102551672200
0.4589118052868581500
0.4144089304693645600
0.1563937354183679600
0.0187978247553433450
0.3639284258246088800
0.4341697914080685000
0.4798128012740824300
0.8302421786496228000
0.1626924378428292200
0.7711580648410908400
0.7319803504470585600
0.3259946736624412800
0.7610142400092931900
0.8763619378210693000
0.1685785502440137500
0.2748550779670994600
0.0916687287197315010
0.2252833136880738600
0.6538008009027983500
0.9632731552328323000
0.1814165647964468300
0.4802574563303385100
0.3305037558780202800
0.0187939575356894440
0.1247345974609249300
0.5801469852201356400
0.2065557212893172600
0.9424637007072055300
0.2041517056719368300
0.0179488140420917780
0.8343415541137541000
0.2227070774051634900
0.5458409572531949200
0.5372520877474353800
0.6436295592686712700
0.7824774584274353200
0.8493661937345763400
0.6219414166773999900
0.3149140858496286000
0.4411421472585846400
0.4037058337721093900
0.5213739583877746700
0.4360985457968489800
0.0183248433492304370
0.6445906226073442300
0.7310305977499308400
0.8064439974511186100
0.9262733321948475300
0.9431401282283559100
0.4571456674435308000
0.0361465578542117530
0.5502251412862824200
0.8068288732698005700
0.2237416424476939000
0.8456606917278386400
0.4787084830069989200
0.7479286299833546300
0.1817887743344088800
0.5154708858383876300
0.3746657680716882200
0.6343449587594541800
0.6620228799036157500
0.9781576034637937700
0.2384256785138620100
0.9430882806599701900
0.6443472812931637600
0.6903167334713884400
0.8995981566833137800
0.6693454620550093300
0.3619520366186960700
0.1671421224586908100
0.7181927172791046100
0.2272120315309638100
0.5305279680479327900
0.2483445610912600500
0.7096570010137326400
0.3044201112319483400
0.1346039255213781800
0.8926402505866734000
0.5421574672766145100
0.7298211793630026100
0.4301570689329687300
0.3070848115995412600
0.7473817106855730200
0.4609687398151188200
0.8103858511873635000
0.8759948289759308400
0.4730969389634574500
0.8774680513191498400
0.7432211820727229200
0.7893288048832077800
0.6902903252600233200
0.9825804908063130400
0.2547142400687790700
0.5832319337466203000
0.0377088513582313770
0.5685721122776306000
0.0862979929666024830
0.9793479236760629400
0.3115302682488260700
0.1971275269452573400
0.5846643444412021900
0.9806015853592918700
0.4158071764420935300
0.3232004379056464500
0.6216476739509744200
0.5837080861436805300
0.3485338270164927700
0.3368384781008199000
0.3862610959402757400
0.4520440994829887400
0.9792840026853305600
0.7429215339969005300
0.6913993279781649500
0.4912613449424785300
0.7408141800946361800
0.4433542957523686800
0.0373047948949136380
0.7661432428075275500
0.9029634731447587800
0.4853579215167145900
0.0365496132677823120
0.2656344021598485200
0.8939017667950883700
0.4365106690789231600
0.6931341546530558300
0.6524345017857189300
0.5474614380669348100
0.7414954930491831600
0.4165326211318205500
0.6616222575490396900
0.5984502336829108400
0.7590118819470947900
0.3401298714598934300
0.7620738875339184700
0.0925104365688988600
0.8503338196356211600
0.9809712233049851000
0.2713072618510090100
0.1072884005847281100
0.0399510322064139180
0.1715827726188412500
0.1884027792071413500
0.0189965580322893280
0.9061745716360599700
0.6095372811134625000
0.8065993532985469300
0.0183386431856270990
0.5498682851544369800
0.8735188645009968100
0.0757223485569320230
0.8633925087253621100
0.0557219889696026970
0.5046483408111317500
0.1034710631486883800
0.7573724598712946500
0.1481029594592832800
0.5031730595016291600
0.8978806283640778900
0.1114967640048729600
0.5274356964930029300
0.7385758755372717800
0.0396731512265604550
0.8495417028425359400
0.9628867704185233300
0.7624279222936204400
0.6362536058682706200
0.1848895104150492000
0.1998964542427939800
0.7019930658171043000
0.7239371762067264800
0.4952598861348617700
0.5524726068808876200
0.8830453467077668000
0.8432787959231818900
0.1602013550056169700
0.6611932611123204600
0.6589591978081516000
0.5224704265460793400
0.0383865076135366590
0.6096650633584102000
0.3925771010461597800
0.9084239667523981200
0.8251016239994556400
0.8027404729425263700
0.0856679470385600940
0.1807376537842761400
0.4092566759409405100
0.8995968655761411600
0.8091811592725002300
0.2238481524717388400
0.2286517302863375900
0.5084449905399441900
0.2346950225259777100
0.1440130123195788900
0.9810165619542682300
0.5118833310915147400
0.0201323235149920110
0.1797164765239836800
0.3631078231506882900
0.2569150315504324400
0.9210283774801193400
0.3760396544859827600
0.6068735986102128400
0.4191829701930213600
0.9814343268696710300
0.0352913079001903470
0.6058004773114671300
0.8853729678535613400
0.5176173056868984500
0.8116884564522348600
0.1388177024487164700
0.8091385402500150800
0.0853737464427815760
0.2037290273079085100
0.8079970631313330200
0.2080278024297342300
0.7611293281422661900
0.9438446540892222500
0.9462347911896622500
0.4699118625250243700
0.9091382924921870300
0.1986650525322534200
0.7503353273337035600
0.3959335525032992600
0.7592165723174764100
0.0902284109251854650
0.0549507182658443070
0.0548454435593137210
0.9102755697223412500
0.3347435895998525600
0.6272106861179471700
0.2452398517611316100
0.9817199364045836600
0.5824107770646267400
0.3508251216414297600
0.9128341692081976000
0.6004153002176899600
0.2157439648592207000
0.0737076198608159760
0.3677625748405952700
0.3388170567412937500
0.6229744298709295500
0.7994330664725386400
0.7769621352967565100
0.9069193218930488000
0.4959060212601284500
0.7637853439957993400
0.7671567684205892200
0.3669593041783259000
0.5706991102556950900
0.5476322580298546000
0.3650225927117341000
0.7605155623013309900
0.5889479580723834300
0.6156403089179991500
0.7894487428108832900
0.6711036208581645500
0.5013366689954158500
0.1723342013669173500
0.5677536128900105800
0.6799306233799529100
0.2860421355042767600
0.2745057742851706500
0.3371650068359349800
0.9809595668437206500
0.3610148937820394900
0.7752976858986983000
0.6950407751401382900
0.0184949637261558680
0.8922172839077425800
0.8247749427550518100
0.6033903298309745100
0.3490846986060703300
0.9206101394525412200
0.1476355041926662700
0.2191892748349313400
0.7109460437149925900
0.9427579992231898100
0.8621215575855106800
0.4664046913096429000
0.3572437399535476900
0.5292078438272945800
0.1623254584362610600
0.6480394338320251100
0.4829525325480962300
0.0176260911152521270
0.6231085398674221000
0.3773005370512011500
0.3215134183041772300
0.0520604323494618030
0.6932048258851000200
0.7053487661660188300
0.1289365431506673500
0.9150693299730070500
0.5146410829956138400
0.0187650709430612490
0.1281931046133757100
0.7552268314384157400
0.1268414115323690200
0.2948221847867047400
0.7809799351299648900
0.2721987437305499200
0.4223470867632226900
0.4317639414880490300
0.6993478240038401000
0.8885469368064014000
0.5221372717930884400
0.3695573167702925800
0.7012788600109577400
0.5286138637037481900
0.2738873839313050700
0.2178505004816376200
0.1285871872989407500
0.9469254384638119400
0.7806960944410150600
0.2139166687538987000
0.6349950242419940500
0.6845088399192136300
0.8817138383522522500
0.0347471901927479540
0.1494357185084430900
0.5538078933066096200
0.3791828364167436600
0.9227395404952966100
0.7267346478831080400
0.0380922874975117290
0.6358728338747033900
0.2042017574357672900
0.1270984233974795100
0.3669958403525195900
0.6997047111942277200
0.8875361294599287700
0.7189519619722154500
0.4929760324163088800
0.9807654821232109100
0.7309716315063050600
0.1833027379142990700
0.7156165513568133500
0.5202908472277829600
0.1755153548072651000
0.2928188143282553500
0.8846119697020375900
0.8500349006063444600
0.4790839783675287500
0.3255711500279824800
0.4750141621058046600
0.0193801779679978780
0.3769242482973358400
0.6438871772073300200
0.3157819805650006200
0.1629862469292804600
0.0549646031059022670
0.4474493017657552600
0.7369087330868971900
0.1249715182458672200
0.1297321401185961600
0.3761184663867602200
0.4605728984921970700
0.8266367569204076100
0.7545814638076555600
0.5068238949705028400
0.8868733257657888100
0.0752067810995552260
0.6081638935007009900
0.4765557251114215200
0.1778141081876288000
0.0402751126274811240
0.9291442438044902300
0.4267801075637459600
0.3156842904180713300
0.7992369247841915000
0.5678479819915296400
0.7967117874016931300
0.0410351963256457420
0.4944026312410969000
0.7483673427547116200
0.9026311476162445200
0.5012668630774977900
0.1487237020043345500
0.5873742087457196600
0.0376139043507011040
0.4158262520514636200
0.4581218300135157500
0.5940506321699382500
0.2638048212934809300
0.2312269729033037100
0.8194844550444436700
0.4604661095115630800
0.7475826240573504300
0.1068223606614864800
0.5292435054649595700
0.4987280353759075400
0.3778068307382515500
0.5148338001794245900
0.5695033464681781300
0.8398538045530842300
0.1731840540940800500
0.4495098432913831600
0.2763649322062312600
0.6774893226888302200
0.9806549735457083000
0.1475634822114679800
0.6034647833582020800
0.6744764894097100600
0.2642806199017617700
0.5340901593108847700
0.9815938099237504500
0.6416323235428658100
0.9107817123542437700
0.3976975254810915500
0.3309947492996115900
0.1266193491305817900
0.2423114560100298200
0.2120776157606743300
0.0807765169958555430
0.3407955254183638900
0.4284425381338485800
0.7758471697626822000
0.2473336562351981800
0.0347568664504442210
0.5729464898687788300
0.5164340737983891300
0.0754474051732840210
0.7894876892787485700
0.6663057045099318700
0.7619561846557381100
0.9805137115378722600
0.7128260017421831400
0.2860420066099718100
0.0396010641510093080
0.1043763734478908900
0.2051987596398350500
0.6153060338860234500
0.7173320716219324700
0.4104078861940716500
0.8127695547446591700
0.7078488939318401400
0.9452690053076122600
0.6278152398220106000
0.7033413632438450000
0.5081522204211472700
0.1378691866817495500
0.7307082596174552200
0.1354897540029125500
0.8681160887819476800
0.4053266190577434200
0.7344221643114239300
0.5440148388002604700
0.8576350490777644400
0.2987245787887284900
0.5217564170884602100
0.5768338037669845700
0.2001178212080855500
0.3836999642128408100
0.0349185966623775730
0.8426237353765454500
0.2142713341363917700
0.9817746626867710500
0.2496913173576484900
0.4577533418512731400
0.8823487324705027200
0.4509484366131975600
0.0191668901043053200
0.1695611242297073200
0.5848569922206022800
0.9633408582162060800
0.3126284830193025700
0.2491006434808478700
0.1463054297317608100
0.2126791922445288000
0.8735291577691974800
0.4230807206880641300
0.1760849870801730100
0.3497191732653250300
0.5688110421207457400
0.6904946287371603900
0.3055905679267254000
0.1587379310260173800
0.6838892908014004800
0.7112676190021119900
0.3581679890378362500
0.0980424843919457250
0.6219476141953875800
0.4015233710117110400
0.7382520418074252100
0.4591258691750858500
0.5506648581467094000
0.9811685879291799400
0.9328216376414003600
0.9636330225063004500
0.3116487003858447500
0.3134629848096785500
0.4680786280748323600
0.2228751007646166700
0.6277228057396864200
0.3145843238572751400
0.4082243485153960200
0.5970469940093439100
0.3368326641092247400
0.8467114507022500700
0.5252000897989921300
0.8439863313314139900
0.3309872830605829500
0.7379670566227436400
0.9266337651946685600
0.3149213132924896800
0.1353937792690170500
0.9803360127383045100
0.4443095250444289400
0.0508235660750253610
0.0495853228546176070
0.3202740090461072600
0.0580330366768610490
0.6088466001444912100
0.1785206989650850200
0.7216383230083364100
0.3444090612968490100
0.7362877157107470300
0.1796950521815902600
0.0382745017290440010
0.8091602232907105800
0.5549718003210911700
0.2350144152102685600
0.7287260479753630000
0.6638384074692036400
0.0585833462501821130
0.9773642860644782300
0.3886649368544484200
0.0186041814846365300
0.3482366554714762000
0.5157376300648270900
0.3993625686841470500
0.5077136265144097700
0.8744382731459063900
0.6659643728538240400
0.9424817029829588600
0.0728913552389315880
0.4585030725764147100
0.4892570723416489500
0.4399530396148447800
0.0440184746208338310
0.0534513156823257850
0.5862580739391192200
0.8724657313779833300
0.5376160767403933600
0.1450808351722190600
0.5941005843394714400
0.8666452092147759500
0.5270469673691811100
0.2963255759928487000
0.5725683175688505200
0.0766110236873273760
0.1122806794210595000
0.3505525254174954900
0.8600325390799753400
0.9809683722080655400
0.1573873649441969200
0.8226095299007690800
0.9209631754270705100
0.6161255502627350800
0.4985086032863699800
0.2390366069819144000
0.8505551710347255500
0.8405392043559364300
0.2445351225300984300
0.8177339696099944500
0.7790402107288797500
0.0692828818994349620
0.2635697476904792500
0.5526844970125737200
0.7220103801182633500
0.8345264052960493800
0.9786532750679550800
0.5812871778543670100
0.3757085615974329300
0.6554605690516278600
0.9223300211207679000
0.0694058414505654970
0.3332836316511510500
0.9601524076075386200
0.8618415806116512800
0.2998276731755896700
0.5699460028436111900
0.0906298180760945620
0.6969964983791094900
0.8293676747785070400
0.3504065502802891600
0.5217205152473652900
0.4218558679956777000
0.2090103216513494700
0.3548101890641782700
0.5109825199649763400
0.2805439074895179100
0.9437316001713458300
0.2804052463962614600
0.5400127812248142200
0.2255578331513069800
0.5692606235320573100
0.7277310592092162100
0.4427989521309472200
0.0377797616183842620
0.5885153630095062400
0.4472213831583671800
0.8992796959034103900
0.2550532012588078700
0.3829460684967631000
0.6803226341530730400
0.3807476553984000500
0.1924752880235797400
0.3930632645808582200
0.2047074587312135400
0.6602278561152586900
0.5290351544530208500
0.0724692309240867750
0.2923956665292569100
0.3821765675643407100
0.3804823856283994800
0.7220440221896397000
0.8519438111619983500
0.0636331375046800680
0.3703419227978185200
0.6708788714615463400
0.7222160944484631300
0.6769272936518765400
0.4287483789456286200
0.4033000456607236400
0.3603323326077353900
0.0760709436331543090
0.5651454398314660300
0.1028311379737882600
0.5061566909970686100
0.9115889907283902800
0.5078218937794641800
0.3766110032696309800
0.7851361458914409800
0.8304279431561917300
0.8719248259552454500
0.4960349005402237600
0.8915776119824755400
0.0394241483201649280
0.1090936542855959100
0.6668681343737065100
0.4396216603016699900
0.3801393567196796300
0.3736662744450168200
0.7564757576167269200
0.5604646228359361200
0.2960523613587907100
0.7854060544823856500
0.3531644998046477600
0.7872554704779473100
0.0533744133756347900
0.4198590851530426500
0.3883975103846287200
0.9614473980943494300
0.9466672081653270100
0.1271102688087961400
0.6749706250199718500
0.3269943778365291300
0.9814688809434711800
0.4877519984335055800
0.5796429445560308300
0.4333352156551263900
0.9475376881578672100
0.5548386991169919100
0.7702169525308250100
0.6825485951383699600
0.8176296763701625900
0.1646654092897351100
0.1795468666859125200
0.1557370224423046100
0.5736573268459119700
0.1145717170877557900
0.0747841581347045430
0.6823229912934348800
0.2018555093358529500
0.0732708464882114440
0.9301197523638639100
0.9474725405448544100
0.0918022738769048440
0.1268538826242880700
0.6166671171393266500
0.0551885284533936360
0.7031897666486006700
0.9412762676501003100
0.3327885889383692700
0.1437264657273253900
0.7510124076972767300
0.6432156425936016400
0.4534213163254458000
0.1975286531914989000
0.3728614504783286900
0.1472384323352908500
0.4688908440939357200
0.2048668291618260300
0.8618196964047960500
0.2595126571001548100
0.7049352788351696000
0.3401081756171486800
0.9796045179284966800
0.6517179654554017300
0.1624824948836684500
0.3157665804745333200
0.1331191328223735000
0.5874042132949417500
0.7442220299791170200
0.4204483610315946100
0.9070930141274374800
0.8146641572563727600
0.2580939512459601800
0.1664183867444994600
0.0221206122898502080
0.9813192539089297100
0.7382921473352311900
0.1493953450131688400
0.8285535633678334800
0.2757203922422539200
0.0184342980831153880
0.6417305093942348200
0.4291516925801776600
0.6060504563881169400
0.9422771968324774600
0.4369003971593299900
0.7970504215977425300
0.2749971092916703200
0.5621695310494737600
0.7298739293382414700
0.3921244012953612500
0.3168760319951043300
0.8961300293398899400
0.5617094245358568200
0.3906017912367897900
0.3705745587993958300
0.1100688809236891700
0.5634294068900782500
0.0783147086266304250
0.1207559902977385800
0.2115795896572701700
0.5403631362309616600
0.2953011633867871400
0.3299043489116586500
0.9241936875185099400
0.0405166178878903350
0.2222609000095111800
0.5525823296812465400
0.1951795750219814700
0.0702043869059905400
0.0576677523070161240
0.4043734156902728500
0.4936808471183021800
0.1624767480382410800
0.4880099892036423600
0.9007363667748684600
0.8850465447929145600
0.3565791346121416900
0.1884425512263145100
0.4519638357325780900
0.5041022884893143800
0.6395720911482759600
0.5893769482920865300
0.2107448520721841300
0.1850347019239006700
0.7916085442130957900
0.1830338593631948600
0.8390937545239488500
0.7272727188424467100
0.6785334649543607300
0.4563816089260873100
0.8002261139982891300
0.9602172006170096600
0.6342810759281610800
0.8696378925308964100
0.2304506741855994700
0.2571306329180300700
0.2870277004886809800
0.6985182196773946900
0.5075365995775488200
0.9385790905092799000
0.4458091255906925800
0.7913393334952239000
0.9654498881255807500
0.4410369209684734700
0.8567415055424064700
0.1031416931120165800
0.1856842473212659500
0.8870965331662821200
0.2474972408570974000
0.8688300010929069800
0.3938663179330594300
0.5818046047434732900
0.7787287072353861200
0.4783947182088455500
0.5416588266491373400
0.3201824940438511300
0.9213839107937190600
0.2107247988201398100
0.4005099234940186500
0.9201727581243694900
0.2638617101362768500
0.1741440338657613600
0.4478460219838688600
0.7315449092251871100
0.2808775435444236200
0.2334977386553307200
0.7940171805263731600
0.2980440777477830800
0.2948627082851739700
0.6400368796067517100
0.8017584697906342500
0.8529926037631021500
0.8175166748289383100
0.3616932049136539200
0.0203352854354628370
0.6264508508168665800
0.1545841759725382600
0.2448235470550124400
0.4248997040172341500
0.8679538576737764200
0.8410558457406790400
0.7637978541833593300
0.4632455974755284600
0.7381673199059427500
0.2277335721564479100
0.1937337768080313000
0.0974570397908222220
0.9610656594608779600
0.5144810908043004900
0.6028455676879201900
0.7595729433238787000
0.7764841702713545200
0.4527183321389032200
0.0711353562288638000
0.3886900016682616200
0.9598362795354218300
0.8625625606169362600
0.4337738753181901200
0.4693844220281674400
0.4777993829342792000
0.0181543304652705230
0.7708212557253312200
0.3084406202875882900
0.0571724517859905430
0.5857141820681093200
0.8654535043434858900
0.7238443879340850100
0.0660320294874856410
0.6549309089052377500
0.3603306307048329500
0.4837917966692005200
0.1245087279385377600
0.3827841868400905200
0.5658641068449176100
0.4819240100540028700
0.1001871833199511200
0.2560538118215626200
0.2075877156990126900
0.3349301962678167800
0.8062198436105930700
0.7993777631014250500
0.9080589166955201900
0.6975389621166524500
0.8711618251540536000
0.0538382503402769080
0.6209672915400139500
0.3430397115624397300
0.3716064586236622100
0.2401723254167856800
0.2610109836255806200
0.9641248081123688900
0.6642847816722694500
0.6547425940364072200
0.4549363108847362400
0.9440122084419219100
0.5711425069581630400
0.3844013691606043000
0.5831638489208493800
0.6558801748515433700
0.9239486097207283400
0.0955296804046944640
0.7588790263061607800
0.5402028273500196800
0.0725795652767295960
0.7810487469268415600
0.8729531735259595800
0.4949792390735314200
0.1111080861450393500
0.2564853962206570200
0.5844009145615534100
0.9613220099576891300
0.8795942898080566500
0.7221273374987660100
0.8044422028071094300
0.1269435094595658700
0.6665860509904900600
0.0569348063580450010
0.6102818764701318800
0.3837118271851470100
0.5554669274543760900
0.4059081311727338300
0.4398694712565078800
0.1366537277878404900
0.3034805676707942300
0.6140780910426156800
0.7674168827570482200
0.8416368165436162200
0.3206643001399395200
0.0402211711135273680
0.2556177481164157400
0.2164007690928975400
0.2557503954931755800
0.4031479361279810500
0.2977260466342217000
0.7878832745333253000
0.4101500233061056200
0.1411344569255111900
0.9607490340826195800
0.0188645852512701020
0.2836389970628540600
0.9801977557871021100
0.1158036488459863200
0.0710869349360203350
0.9638523940291005000
0.5475107758823656300
0.7845592857437830900
0.3955782822403655100
0.4757037844859182100
0.3069100712908521300
0.2031639371242504000
0.3543285244815668200
0.2218873511736837700
0.1935681840664161800
0.8038445262126423500
0.5650986914188981200
0.0872513483019894540
0.0196289391243854720
0.4014278431521637900
0.7158360331058248900
0.2541506530770977800
0.9222911855559413600
0.0648347005954611480
0.7896146703165949400
0.9100897261170385300
0.1925816004596134200
0.0187853473094232450
0.3302552404389523200
0.9043255873523805600
0.9592236229675099600
0.5292405628513460200
0.7213087904681730900
0.6645410085045364600
0.1424540858565038800
0.0181524309917224650
0.9418418358452299600
0.5442708314593510700
0.4647947235440668100
0.4715652033587165400
0.9798107860756050100
0.7490401198921834400
0.1577639166203897200
0.6059974569297356100
0.0544138574037759530
0.5345391800231961100
0.1087764653933793500
0.3888464024895896800
0.8503290152075618800
0.8839615299654910400
0.5418337850130263700
0.6342478950619893100
0.5954086676527256000
0.1449940433862393400
0.7170160868117899700
0.9805909206759749800
0.4505331892145890100
0.8841010992706940200
0.2417326672799078900
0.7501884692838694000
0.1916974568381943900
0.2618825204694064100
0.6824522054771893200
0.3422256876037932900
0.9165561024220773000
0.6574784631264534200
0.1298219074777111600
0.3666755801862450200
0.8893759176780402500
0.5958250547528969300
0.7606026782882877600
0.3295689248785433300
0.2890771888495503600
0.6438394181552624700
0.3689356571415545200
0.2058612567812345700
0.8181986477296018200
0.5000278451386102100
0.5316508346503974200
0.3163063849746375900
0.4106710388988227300
0.9064145720715327500
0.2691564286129568600
0.1224777595572265100
0.3843333660348731100
0.1067922771277060000
0.2236876104553472400
0.8253008606796060600
0.5267219167382595200
0.6404770559893053800
0.6405241761261667400
0.6864281981669372300
0.8003848407176423800
0.3124160705331868700
0.0404653678049708630
0.2448354443290299600
0.2551815775401405400
0.4289168577262431600
0.7720652321587737600
0.6832529058220446800
0.0659159320619941150
0.2660106204820758500
0.6990500522050667700
0.5888086199975894900
0.4128611167192431900
0.3868535067528235900
0.3543313034962583000
0.2257038671873875500
0.4494296182420814400
0.7125816482358279200
0.6745644204973330100
0.0511833902101749490
0.6763087470713152700
0.4151657923678310200
0.4282675829674939500
0.7171217545563611800
0.4695275946315136700
0.9807627428491793000
0.9416289378076319000
0.3249453263242709800
0.7703447487143604300
0.5779877772308554800
0.8501512651452609600
0.1703513926422151000
0.6748601212558242900
0.0588706524723287690
0.7900288709822147500
0.0185466739065125280
0.5201331748970066100
0.8108104901734397600
0.0556532563048958980
0.1662612651709858800
0.6273509875322514900
0.4767546646598685400
0.0186754156954142620
0.7680474911417213300
0.6544235226622883200
0.3509914029574598400
0.7278891063417952700
0.5500829676595578900
0.8648864312059635400
0.8340243960921889200
0.4887780747895816800
0.9624739344540715900
0.5246178161699156500
0.1889483472017993700
0.6484269710282731800
0.8258784161982339900
0.2894282204730931900
0.7700829283383714400
0.8698533422265502000
0.6030053788328827400
0.3941460071846861200
0.5363096093348777000
0.6781772581615404000
0.0870281927951323110
0.8399477276731706100
0.9309941386959619300
0.6017761230810875200
0.6102199864370678700
0.4164237834268701400
0.0875214910568510030
0.9441761346427479700
0.5995212262639737500
0.2612882455589780600
0.8628505768282608300
0.9039463233311223500
0.0855910110167275860
0.2757922810212949900
0.1155689195153267300
0.3485503842698342000
0.4761943672572433500
0.0201454209457248950
0.4243706011391775700
0.1109846432086852300
0.3474784146190059700
0.0391620977905862210
0.6696719741353729400
0.4025153975307292400
0.4152106591062472700
0.7097295598237168800
0.0566973280360199980
0.8583816800227327400
0.2928123764443584800
0.0398267862162282740
0.1672965105757517600
0.1690379983734970100
0.9829187135209711500
0.3236478982314146000
0.6121836462232267400
0.5006778106310036900
0.9236497582536423700
0.3717821406882635400
0.3056901821391165800
0.2852089774219510600
0.8182265739139279500
0.6784890346037666400
0.1501085222069194500
0.5137380500443161600
0.0589472554307548450
0.4911052638200771900
0.7022860614839786500
0.5459973446245819400
0.2635290815976930600
0.9607424594354748700
0.4525955573060533300
0.6841177894901232500
0.9032668207528731200
0.1152286840982467600
0.9601629226618507700
0.9004944946736490600
0.3984645065357599300
0.4554387541972873000
0.3092749955931712900
0.4516687345649164100
0.3376720105357967100
0.3888040973382349000
0.9392211281483109400
0.0196082310859167460
0.0938246628444086290
0.2968413839998743100
0.1155731812221872700
0.1536541848626015200
0.7636848047506971100
0.5316657318153427100
0.7592880987264168900
0.8297129423663682800
0.5102843959416222300
0.0911405822804453180
0.9615058721194910100
0.0205794792799622180
0.4678459721230232600
0.9482605824051941700
0.2163204725774141900
0.8524851752229460900
0.1066967224278571600
0.3734210765933124700
0.1347729117625380300
0.6589890775234272800
0.0951700781885406740
0.5299304514697492600
0.1504596389446175000
0.0916631137756176580
0.4441196725478702100
0.8326098324188365700
0.4245657169047413200
0.9635372678165118300
0.8297205218654053500
0.4093983508041131900
0.2683430878700107700
0.0557556510515074340
0.3641274713289811000
0.6775589378039669200
0.4690743605492026500
0.1221064920489594900
0.7290801843375825900
0.6062010809074737100
0.2074737394036321500
0.3892318239595612400
0.4934726061302933100
0.9637522957797755000
0.8571388003776230200
0.8459382692269596900
0.5106235797356811800
0.2644494029448666300
0.0793739668591810220
0.1760931302729700500
0.2241124958751932500
0.4285514256275627100
0.6943436056386642600
0.2211550091584174900
0.7842266990153236000
0.5369848131288419400
0.2182560852478891700
0.0357657871667623610
0.6542685359769903100
0.3639859655867901900
0.2526634685357043200
0.9145547095882160500
0.2620123052212259800
0.9615883057626931600
0.4868224979850889200
0.2616456798956406900
0.8544155088715713600
0.5609351869587473300
0.2152759054141472100
0.3984521826327864800
0.7046422916573901200
0.8169952219196559000
0.3590119398323994300
0.8280984469851077100
0.7562696192808792100
0.5505505490639587300
0.6036224231506257500
0.5069879560660053300
0.8096024755138630000
0.4103804642368948400
0.3950804240358455900
0.3206558485975685200
0.4561134566772956400
0.5151474142522845000
0.0611128390890090180
0.4316313825477382000
0.4030165132470023800
0.0761034775071476180
0.6621211617675577500
0.1096824736787226800
0.6282378527454796100
0.0360474067918766030
0.2563293489364428800
0.5791798329695830900
0.3172776024219224900
0.2424742585831294600
0.1489530594386984400
0.5646056583794011300
0.3680117814367573300
0.7877780438319199600
0.1357045363110892200
0.4727938439599663800
0.8367926354507704300
0.9083473410291386100
0.2744251185769716600
0.1584622328651605300
0.7424038299975237500
0.8257439786022141600
0.5685178499348422200
0.9021150513990782200
0.1862951322162441900
0.3039077266296426600
0.4217103596942090000
0.7646150264901981900
0.2955493325168329100
0.0730098765842192720
0.1239885501885218300
0.5642697839827420800
0.5211824875970673100
0.4992537329230023500
0.6465344190838373500
0.7758891385522764800
0.7412705476611709500
0.7800482156345890400
0.9206101749466452100
0.5363714310690822500
0.5099677441495056300
0.1305817705397307200
0.8653010448383587900
0.7422250349512218300
0.1302984391900703900
0.5323499373513142000
0.0581532010810103530
0.8627137468257009000
0.7339960796567954700
0.1438450867871095800
0.0781274716692458990
0.4406171032348816200
0.3397959483998057600
0.8655658228425298100
0.2887704804795788700
0.2718607869471677000
0.0189040181781089630
0.7298905307006518000
0.2628925520240590300
0.3011613045778748800
0.3656512787155580800
0.1123944763690588900
0.2289283831239053200
0.2804443160735340400
0.7943524422684288300
0.6264780917987107200
0.1507770736858039500
0.1666948280451250900
0.9440151496092490400
0.8375347731677489400
0.2674820481814387300
0.1106693453998743000
0.3456346610499383400
0.7418998962969217700
0.6741258718419664800
0.9066390305236881100
0.7668985137522541500
0.7018416874622736000
0.3094179581091281400
0.0572431058908976430
0.2609131816662434400
0.5830487332742085900
0.4094108029089706900
0.4606741413202157800
0.0377416715354803940
0.7082129373763674800
0.2845883870007191500
0.6918659795856552100
0.7505554679748306400
0.5867470980482922800
0.2370856213494550400
0.9803928222469561200
0.9616415576696297800
0.4077952219633917400
0.6441021558130133300
0.6353875347064704700
0.4258112487732155200
0.0719660881051657070
0.7985407311888854700
0.7080405590107481400
0.2514925703020978700
0.3507668667837539100
0.2260996416840711000
0.2636193916834066500
0.5850490188111290300
0.3320690891551278900
0.8731940549732951600
0.1868324828267950700
0.0915780019870063020
0.6416509456542095500
0.8979204691243212200
0.5916744213826908800
0.1583999580535855900
0.4342592492883262100
0.4614000776508874700
0.7748687275227900100
0.1878169970077330200
0.2541310669091085300
0.0948284318464208960
0.2980997284630555500
0.4027693458711726300
0.2870449618059512900
0.5349952066942874600
0.3697086458244316400
0.0542671208280849910
0.4158180397573221200
0.6239909688555750300
0.3720080516159330300
0.8705873711424725300
0.9821231195747970300
0.3087179636943182000
0.2468244538010923900
0.3368644205817022400
0.9552061310923594100
0.4377154277188622400
0.8379352286186316800
0.9021459265726206000
0.7807790533293735800
0.6901344988258042400
0.3237671046478573500
0.1957895557280809600
0.9236669847635774500
0.6804454813257301300
0.0860329948261461530
0.0737300560053737040
0.7821494667541381000
0.6949238145896483600
0.3605397264659791500
0.8191321910292835900
0.1688645155946730500
0.8126316717293170500
0.4584357574018340700
0.7145890810055247600
0.3532535492086165100
0.6473489972747676900
0.0748736881354181010
0.4154770335382092500
0.1505120294123518700
0.3962632946338601200
0.8639096433578397100
0.3962150213573842900
0.4850068910891115500
0.3869597923504883900
0.2955008655338818300
0.0918207768589062580
0.4061139052491105100
0.4478757434716491600
0.8863780361377006100
0.4577412582245933800
0.1843675441175168200
0.7150532833370185600
0.2363169123122238500
0.4642045902549442000
0.8730327196434933800
0.9291307386513284500
0.2542806923965830700
0.0183163770579086830
0.8117054498364517600
0.0547481595307525510
0.5612026825688876100
0.8370335134092241600
0.9597309053485050300
0.8490235490436415200
0.7630936358684477000
0.1704356510271805000
0.9288718345900577300
0.8900394503948131400
0.0474114039773770040
0.3104693934484179500
0.9659988640487048300
0.6165034464661888200
0.4816721077048481400
0.4701348009725120300
0.1522335639551097900
0.3478069223301231100
0.4899775518739724100
0.3800662728464728200
0.6621144384929471500
0.8076956220940061400
0.2265759860140935400
0.1626819058799521800
0.5741871336598755000
0.3968036392911885000
0.4255245943714849900
0.8180137762298019800
0.8262673993714896300
0.2939458350655212400
0.6202603991387579700
0.7037520039095640500
0.0652546683477994580
0.6200875121005652300
0.8637423752535804400
0.4035499866287062800
0.9283831312000864200
0.4929372836406041800
0.6015427533676074300
0.4677857875567161300
0.4814983094857542800
0.5444510814228044100
0.1007668654823968300
0.3082268508380023300
0.7689520293740739200
0.5784090882728231100
0.6610265904958528800
0.2075890305825154300
0.4437658672794098600
0.2501061195135420600
0.9808024935858691300
0.4017996217186818300
0.4792813486551311100
0.6519277999686372600
0.1937155726795212200
0.4605607192187419200
0.6634471592701283200
0.1290613545905279800
0.8364084638660035400
0.8717064521063304600
0.8918038832402968000
0.7416634010534819400
0.6232005642905472700
0.9272066990660885500
0.9231128646010281500
0.5314626479699636800
0.2314923317519879700
0.4882878993938799500
0.5566578948125802100
0.4110403889695715100
0.8910936853749763500
0.6836230536646585900
0.0751846702350548730
0.9800814883724304800
0.5572591587705232300
0.0852302847251470570
0.5972267886500694000
0.0197729324052057160
0.5661575739262749700
0.5611785693557026500
0.6126454075645312300
0.2704543257991596200
0.1124327879828657800
0.9478297144406109300
0.4842229300007807000
0.9614925064856332200
0.2699460695477444200
0.7797644697685869300
0.0906428516308016160
0.4631108246157201200
0.3627759360913726500
0.9634402750745985100
0.0959443678617353520
0.4443537946227404900
0.6367149627597890000
0.0915756563353208740
0.9248183936703698900
0.8007828730588088000
0.9793584472728654700
0.2419117330079847400
0.7370812742774479600
0.0885702166475071800
0.6811720547342470200
0.8363098702430279400
0.0615154904136456930
0.9598386388080202300
0.7237343139739674800
0.1827977790385659200
0.5275052295316377000
0.5902032548731193100
0.8889493230990519500
0.1769086062768250900
0.5019670476749844600
0.0551982016367880900
0.7630601288559568700
0.1107601751860755900
0.6242039758579267500
0.8258844181930975500
0.5699040928563211500
0.4240435453665037400
0.1306187882168661200
0.0629537012057865690
0.1356641297577929300
0.4963073743152635600
0.1484018464072903700
0.4707329940031155200
0.5050178997043690600
0.6053434852365169300
0.5676244623969086700
0.4158328320537673700
0.9279677883617565300
0.5158735791589902400
0.2211792722708666200
0.5546068658673920500
0.3182794966704590700
0.4378769676377862200
0.1368351201150318200
0.6324025032230107300
0.1639835965838779800
0.0893897270507231220
0.7228359100297159200
0.7428047456951274400
0.9088838143564366100
0.4851123862518296700
0.0395027518675561820
0.8872704278763734500
0.1090813918237275600
0.0565189002699288400
0.9410717981531355700
0.7789520558097230400
0.6710768527597489300
0.6970806906991980900
0.1658080844031650800
0.8426307328975771700
0.7940185780922876000
0.9090989550783577000
0.8538971261787139400
0.2392540439040791200
0.6438767851522421100
0.1245788554803579900
0.9629393042282832200
0.6574359756602875500
0.8723236708123919300
0.1554764601077750500
0.4095188955938416400
0.3426870020612115000
0.1314230229634763000
0.4670572095480148800
0.3337314512165039900
0.2993778442878165000
0.1443874352038521100
0.1324003050407817100
0.3533410768888659000
0.6801779567011059200
0.0189655157772781610
0.0390521339729708800
0.4404889777331303900
0.9291257607891302300
0.1917983910894329500
0.9300364589269389800
0.5390817911716808700
0.6950083927646595300
0.4163250985861140000
0.7936174368433248600
0.5402219701211828900
0.1179584985450248700
0.1522793590165884600
0.9815390106037404900
0.2365944345148412700
0.0194984547701578250
0.0194241636742401790
0.1785188847840038800
0.5810913654912782700
0.6142979614176410400
0.6043781179897099700
0.2470679982622265000
0.7696128358775234900
0.5509303759076408200
0.2770956738078685400
0.3314169092614726000
0.2543584769757880600
0.3650754926345745600
0.6196153784168142400
0.2342935847222982500
0.1017499204114680500
0.0737723481122191100
0.2490731165998355300
0.4740541286431210200
0.0968012139669275350
0.3753002318910028700
0.3878371789852129200
0.5272262438181213300
0.7995259276895027000
0.7156315609264192200
0.8962206587395530300
0.9689691480087271300
0.0391368364577957960
0.8368258876549471400
0.5046138681673915100
0.4603573194591356100
0.5312496083457171100
0.4901486418372581500
0.1667162695924720700
0.5769621790332246600
0.2858252010785626900
0.5953353857704034600
0.6825883201975278000
0.9263074678690002000
0.2758905389444458200
0.0959957446969047640
0.2832536805180235200
0.5302485098115790100
0.0354613079394549420
0.6653780810680475200
0.1424602091589671200
0.3110644449164429200
0.1868048788236534000
0.1758529754010367000
0.6750849489081354200
0.4359508914172817700
0.6212732781405996300
0.9349245264440485500
0.6173286186972755100
0.7040907554088896600
0.5457862782401623500
0.0370621447607318510
0.4684198415039059200
0.6535246604989676200
0.2944900378978638200
0.2753030316571169500
0.1494348267817301200
0.6557386145918909800
0.3021306069537526600
0.7868020000863386000
0.2893420814858779200
0.3508708895352428700
0.9385671904458072800
0.0838400220048986510
0.6413511961396815000
0.1737615217994893100
0.7822896885982692000
0.2667054673463049000
0.0000000000000000000
0.0000000000000000000
0.0000000000000000000
0.0000000000000000000
0.0000000000000000000
0.0000000000000000000
0.0000000000000000000
0.0000000000000000000
0.0000000000000000000
0.0000000000000000000
0.0000000000000000000
0.0000000000000000000
0.0000000000000000000
0.0000000000000000000
0.0000000000000000000
0.0000000000000000000
0.0000000000000000000
0.0000000000000000000
0.0000000000000000000
0.0000000000000000000
0.0000000000000000000
0.0000000000000000000
0.0000000000000000000
0.0000000000000000000
0.0000000000000000000
0.0000000000000000000
0.0000000000000000000
0.0000000000000000000
0.0000000000000000000
0.0000000000000000000
0.0000000000000000000
0.0000000000000000000
0.0000000000000000000
0.0000000000000000000
0.0000000000000000000
0.0000000000000000000
0.0000000000000000000
0.0000000000000000000
0.0000000000000000000
0.0000000000000000000
0.0000000000000000000
0.0000000000000000000
0.0000000000000000000
0.0000000000000000000
0.0000000000000000000
0.0000000000000000000
0.0000000000000000000
0.0000000000000000000
0.0000000000000000000
0.0000000000000000000
0.0000000000000000000
0.0200000000000000000
0.0200000000000000000
0.0400000000000000010
0.0400000000000000010
0.0599999999999999980
0.0599999999999999980
0.0800000000000000020
0.0800000000000000020
0.1000000000000000100
0.1000000000000000100
0.1200000000000000000
0.1200000000000000000
0.1400000000000000100
0.1400000000000000100
0.1600000000000000000
0.1600000000000000000
0.1799999999999999900
0.1799999999999999900
0.2000000000000000100
0.2000000000000000100
0.2200000000000000000
0.2200000000000000000
0.2399999999999999900
0.2399999999999999900
0.2600000000000000100
0.2600000000000000100
0.2800000000000000300
0.2800000000000000300
0.2999999999999999900
0.2999999999999999900
0.3200000000000000100
0.3200000000000000100
0.3400000000000000200
0.3400000000000000200
0.3599999999999999900
0.3599999999999999900
0.3800000000000000000
0.3800000000000000000
0.4000000000000000200
0.4000000000000000200
0.4199999999999999800
0.4199999999999999800
0.4400000000000000000
0.4400000000000000000
0.4600000000000000200
0.4600000000000000200
0.4799999999999999800
0.4799999999999999800
0.5000000000000000000
0.5000000000000000000
0.5200000000000000200
0.5200000000000000200
0.5400000000000000400
0.5400000000000000400
0.5600000000000000500
0.5600000000000000500
0.5799999999999999600
0.5799999999999999600
0.5999999999999999800
0.5999999999999999800
0.6200000000000000000
0.6200000000000000000
0.6400000000000000100
0.6400000000000000100
0.6600000000000000300
0.6600000000000000300
0.6800000000000000500
0.6800000000000000500
0.6999999999999999600
0.6999999999999999600
0.7199999999999999700
0.7199999999999999700
0.7399999999999999900
0.7399999999999999900
0.7600000000000000100
0.7600000000000000100
0.7800000000000000300
0.7800000000000000300
0.8000000000000000400
0.8000000000000000400
0.8199999999999999500
0.8199999999999999500
0.8399999999999999700
0.8399999999999999700
0.8599999999999999900
0.8599999999999999900
0.8800000000000000000
0.8800000000000000000
0.9000000000000000200
0.9000000000000000200
0.9200000000000000400
0.9200000000000000400
0.9399999999999999500
0.9399999999999999500
0.9599999999999999600
0.9599999999999999600
0.9799999999999999800
0.9799999999999999800
1.0000000000000000000
1.0000000000000000000
1.0000000000000000000
1.0000000000000000000
1.0000000000000000000
1.0000000000000000000
1.0000000000000000000
1.0000000000000000000
1.0000000000000000000
1.0000000000000000000
1.0000000000000000000
1.0000000000000000000
1.0000000000000000000
1.0000000000000000000
1.0000000000000000000
1.0000000000000000000
1.0000000000000000000
1.0000000000000000000
1.0000000000000000000
1.0000000000000000000
1.0000000000000000000
1.0000000000000000000
1.0000000000000000000
1.0000000000000000000
1.0000000000000000000
1.0000000000000000000
1.0000000000000000000
1.0000000000000000000
1.0000000000000000000
1.0000000000000000000
1.0000000000000000000
1.0000000000000000000
1.0000000000000000000
1.0000000000000000000
1.0000000000000000000
1.0000000000000000000
1.0000000000000000000
1.0000000000000000000
1.0000000000000000000
1.0000000000000000000
1.0000000000000000000
1.0000000000000000000
1.0000000000000000000
1.0000000000000000000
1.0000000000000000000
1.0000000000000000000
1.0000000000000000000
1.0000000000000000000
1.0000000000000000000
1.0000000000000000000
1.0000000000000000000
-0.0184030747215883880
-0.0184157880312106540
-0.0200818975426742300
-0.0194060900125813260
-0.0192611488059800840
-0.0575442074230257390
-0.0560616735209400400
-0.0185058385354385300
-0.0223274157442872530
-0.0490462466697265400
-0.0564035623977766010
-0.0189404795550632730
-0.0371020031763979530
-0.0183374168264194800
-0.0351842642642185150
-0.0549955908022315140
-0.0356029538209216780
-0.0196779565230873370
-0.0517422468308228050
-0.0549179746134028160
-0.0181609047214077130
-0.0368903033399247330
-0.0520410220488120650
-0.0168269602156232300
-0.0375007062378264340
-0.0188392756353711820
-0.0375236636628785560
-0.0561831817283032710
-0.0368400606460919240
-0.0367158572424322390
-0.0371329351304711260
-0.0377465411864991440
-0.0187557172557721100
-0.0386945005887562730
-0.0173961966528606570
-0.0187978247553433450
-0.0187939575356894440
-0.0179488140420917780
-0.0183248433492304370
-0.0361465578542117530
-0.0377088513582313770
-0.0373047948949136380
-0.0365496132677823120
-0.0399510322064139180
-0.0189965580322893280
-0.0183386431856270990
-0.0557219889696026970
-0.0396731512265604550
-0.0383865076135366590
-0.0201323235149920110
-0.0352913079001903470
-0.0549507182658443070
-0.0548454435593137210
-0.0184949637261558680
-0.0176260911152521270
-0.0520604323494618030
-0.0187650709430612490
-0.0347471901927479540
-0.0380922874975117290
-0.0193801779679978780
-0.0549646031059022670
-0.0402751126274811240
-0.0410351963256457420
-0.0376139043507011040
-0.0347568664504442210
-0.0396010641510093080
-0.0349185966623775730
-0.0191668901043053200
-0.0508235660750253610
-0.0495853228546176070
-0.0580330366768610490
-0.0382745017290440010
-0.0585833462501821130
-0.0186041814846365300
-0.0440184746208338310
-0.0534513156823257850
-0.0377797616183842620
-0.0394241483201649280
-0.0533744133756347900
-0.0551885284533936360
-0.0221206122898502080
-0.0184342980831153880
-0.0405166178878903350
-0.0576677523070161240
-0.0203352854354628370
-0.0181543304652705230
-0.0571724517859905430
-0.0538382503402769080
-0.0569348063580450010
-0.0402211711135273680
-0.0188645852512701020
-0.0196289391243854720
-0.0187853473094232450
-0.0181524309917224650
-0.0544138574037759530
-0.0404653678049708630
-0.0511833902101749490
-0.0588706524723287690
-0.0185466739065125280
-0.0556532563048958980
-0.0186754156954142620
-0.0201454209457248950
-0.0391620977905862210
-0.0566973280360199980
-0.0398267862162282740
-0.0589472554307548450
-0.0196082310859167460
-0.0205794792799622180
-0.0557556510515074340
-0.0357657871667623610
-0.0360474067918766030
-0.0581532010810103530
-0.0189040181781089630
-0.0572431058908976430
-0.0377416715354803940
-0.0542671208280849910
-0.0183163770579086830
-0.0547481595307525510
-0.0474114039773770040
-0.0197729324052057160
-0.0551982016367880900
-0.0395027518675561820
-0.0565189002699288400
-0.0189655157772781610
-0.0390521339729708800
-0.0194984547701578250
-0.0194241636742401790
-0.0391368364577957960
-0.0354613079394549420
-0.0370621447607318510
-0.0200000000000000000
-0.0200000000000000000
-0.0400000000000000010
-0.0400000000000000010
1.0580733563839528000
1.0185129661778103000
1.0586997231821365000
1.0170642998986570000
1.0399556351031554000
1.0357864694659602000
1.0549685186520117000
1.0189401789821559000
1.0399328409548154000
1.0194558339753339000
1.0384151837627837000
1.0191066270299287000
1.0421779416971253000
1.0516722171943309000
1.0361693753619636000
1.0516613869823932000
1.0196045673554797000
1.0461659863620780000
1.0448811715731559000
1.0380931920804501000
1.0592870110742985000
1.0393259368344512000
1.0390312103761157000
1.0196490872416977000
1.0567083915317794000
1.0189238248183785000
1.0192352658566448000
1.0192153590662345000
1.0388716108385045000
1.0418787458663759000
1.0399622041795360000
1.0239354724798360000
1.0592802097757192000
1.0579083195379140000
1.0289639121155720000
1.0580911559678481000
1.0504334597918419000
1.0367268447671676000
1.0575362992927944000
1.0568598717716440000
1.0218423965362062000
1.0569117193400297000
1.0174195091936871000
1.0206520763239371000
1.0193984146407082000
1.0207159973146696000
1.0190287766950150000
1.0371132295814767000
1.0189834380457317000
1.0185656731303290000
1.0561553459107778000
1.0537652088103378000
1.0182800635954163000
1.0190404331562792000
1.0572420007768102000
1.0530745615361881000
1.0192345178767890000
1.0193450264542916000
1.0184061900762496000
1.0194862884621276000
1.0547309946923877000
1.0182253373132291000
1.0366591417837938000
1.0188314120708202000
1.0363669774936994000
1.0196639872616955000
1.0226357139355218000
1.0575182970170411000
1.0190316277919345000
1.0213467249320449000
1.0398475923924613000
1.0562683998286542000
1.0385526019056506000
1.0533327918346731000
1.0185311190565289000
1.0524623118421328000
1.0525274594551455000
1.0587237323498997000
1.0203954820715033000
1.0186807460910703000
1.0577228031675225000
1.0397827993829902000
1.0345501118744194000
1.0389343405391220000
1.0401637204645782000
1.0358751918876310000
1.0559877915580782000
1.0386779900423109000
1.0392509659173803000
1.0198022442128978000
1.0361476059708994000
1.0407763770324900000
1.0581581641547699000
1.0201892139243949000
1.0194090793240251000
1.0192372571508206000
1.0583710621923681000
1.0375260655459284000
1.0558238653572520000
1.0170812864790288000
1.0392575405645252000
1.0398370773381491000
1.0384941278805089000
1.0517394175948058000
1.0364627321834883000
1.0362477042202245000
1.0384116942373067000
1.0559848503907510000
1.0196071777530440000
1.0383584423303702000
1.0178768804252030000
1.0447938689076406000
1.0402690946514950000
1.0340011359512951000
1.0191975064141308000
1.0199185116275695000
1.0521702855593891000
1.0385074935143668000
1.0365597249254015000
1.0206415527271346000
1.0401613611919798000
1.0589282018468644000
1.0370606957717168000
1.0184609893962595000
1.0310308519912730000
1.0400000000000000000
1.0400000000000000000
1.0200000000000000000
1.0200000000000000000
0.6847261675608454800
0.1156960922220316200
0.4147240205430713400
0.2268824313458295000
0.3854825137923656400
0.2135601545020827900
0.0200818975426742300
0.8226533511026187200
0.3355915613718939400
0.4039254951996738000
0.1066815226233127400
0.0956761260472190480
0.1360091492196395500
0.8773084947071906300
0.7141578630979775700
0.6918736938125079600
0.0351842642642185150
0.4474680685327384100
0.8444942603507890100
0.9209393847126446900
0.1483487882838574200
0.9088119096088105300
0.9538340136379218600
0.3570546181218525200
0.3496265729838172700
0.6117101495177018600
0.2342407128701021500
0.5475155300893428400
0.8482698302194210400
0.1917782075997958000
0.3293987661712661200
0.6712044643428426400
0.7823396846076421400
0.9760645275201639300
0.3925774119745671400
0.9407197902242807600
0.9710360878844279700
0.2804561739286257600
0.6312215449247904300
0.8221810862104970100
0.9495665402081580100
0.2748550779670994600
0.1814165647964468300
0.0179488140420917780
0.5305279680479327900
0.7432211820727229200
0.2547142400687790700
0.0862979929666024830
0.4365106690789231600
0.6068735986102128400
0.7611293281422661900
0.0549507182658443070
0.6004153002176899600
0.7994330664725386400
0.5706991102556950900
0.5677536128900105800
0.7012788600109577400
0.5202908472277829600
0.4790839783675287500
0.4474493017657552600
0.7545814638076555600
0.4267801075637459600
0.5873742087457196600
0.1068223606614864800
0.1475634822114679800
0.0754474051732840210
0.5081522204211472700
0.8576350490777644400
0.1695611242297073200
0.6219476141953875800
0.4680786280748323600
0.3145843238572751400
0.7216383230083364100
0.3444090612968490100
0.0440184746208338310
0.2047074587312135400
0.0636331375046800680
0.3801393567196796300
0.5604646228359361200
0.1271102688087961400
0.8176296763701625900
0.1268538826242880700
0.4688908440939357200
0.6417305093942348200
0.3705745587993958300
0.2948627082851739700
0.9610656594608779600
0.3084406202875882900
0.7993777631014250500
0.4059081311727338300
0.0402211711135273680
0.2164007690928975400
0.1925816004596134200
0.5000278451386102100
0.9829187135209711500
0.3236478982314146000
0.2683430878700107700
0.5106235797356811800
0.7046422916573901200
0.5505505490639587300
0.2563293489364428800
0.1584622328651605300
0.6465344190838373500
0.7412705476611709500
0.7339960796567954700
0.8655658228425298100
0.4258112487732155200
0.8979204691243212200
0.7748687275227900100
0.2468244538010923900
0.7807790533293735800
0.0860329948261461530
0.8863780361377006100
0.4577412582245933800
0.8370335134092241600
0.1704356510271805000
0.4899775518739724100
0.6621144384929471500
0.0652546683477994580
0.6519277999686372600
0.4882878993938799500
0.6811720547342470200
0.5902032548731193100
0.8889493230990519500
0.9088838143564366100
0.9300364589269389800
0.5402219701211828900
0.2365944345148412700
0.5810913654912782700
0.3650754926345745600
0.2893420814858779200
0.0000000000000000000
0.0000000000000000000
1.0000000000000000000
1.0000000000000000000
-0.0200818975426742300
-0.0351842642642185150
-0.0179488140420917780
-0.0549507182658443070
-0.0440184746208338310
-0.0402211711135273680
1.0461659863620780000
1.0239354724798360000
1.0592802097757192000
1.0289639121155720000
1.0504334597918419000
1.0389343405391220000
1.0170812864790288000
0.5139968343311939200
0.1655146369777635900
0.1173083397882717900
0.8519259923920268200
0.7491001090763339500
0.2780761050593879000
0.9829357001013430100
0.3442301972547289800
0.2101960864960515700
0.9483277828056691000
0.2469195060184270500
0.7712890615354698300
0.1192827113165430600
0.6412418148980515400
0.3467745378142245700
0.4417021376067105100
0.2424556047154367600
0.5497538105776895700
0.4297059298292743000
0.8996685482734954100
0.0929108008871808860
0.1894860484996694300
0.6616657789823099400
0.8181717590121490000
0.7952195454786192800
0.2209989785516872400
0.5876243746088797300
0.8873681973885637600
0.8765253006361499700
0.0806751764013268760
0.0375236636628785560
0.6842002790344295900
0.5339207002370659500
0.4087998063474956900
0.4354021873123030700
0.9081006460277145600
0.6476682911695873500
0.7824774584274353200
0.8064439974511186100
0.7590118819470947900
0.9084239667523981200
0.4092566759409405100
0.6058004773114671300
0.9438446540892222500
0.7503353273337035600
0.3677625748405952700
0.6711036208581645500
0.2745057742851706500
0.3572437399535476900
0.5292078438272945800
0.3215134183041772300
0.5538078933066096200
0.9227395404952966100
0.8875361294599287700
0.0402751126274811240
0.2638048212934809300
0.3778068307382515500
0.8398538045530842300
0.2987245787887284900
0.2001178212080855500
0.4577533418512731400
0.9633408582162060800
0.8177339696099944500
0.0694058414505654970
0.3332836316511510500
0.5078218937794641800
0.4198590851530426500
0.3883975103846287200
0.5736573268459119700
0.6823229912934348800
0.4534213163254458000
0.7049352788351696000
0.0221206122898502080
0.7272727188424467100
0.4783947182088455500
0.1545841759725382600
0.7381673199059427500
0.5658641068449176100
0.6209672915400139500
0.5711425069581630400
0.0725795652767295960
0.8416368165436162200
0.1411344569255111900
0.0188645852512701020
0.9801977557871021100
0.5418337850130263700
0.7170160868117899700
0.3666755801862450200
0.1067922771277060000
0.3868535067528235900
0.7703447487143604300
0.5201331748970066100
0.8648864312059635400
0.2852089774219510600
0.2968413839998743100
0.8297129423663682800
0.6589890775234272800
0.4690743605492026500
0.7290801843375825900
0.3984521826327864800
0.3206558485975685200
0.4992537329230023500
0.8653010448383587900
0.1302984391900703900
0.0581532010810103530
0.1438450867871095800
0.7943524422684288300
0.6264780917987107200
0.6353875347064704700
0.7080405590107481400
0.1868324828267950700
0.5916744213826908800
0.3087179636943182000
0.6949238145896483600
0.4850068910891115500
0.9291307386513284500
0.9288718345900577300
0.0474114039773770040
0.2265759860140935400
0.4929372836406041800
0.2314923317519879700
0.6126454075645312300
0.0959443678617353520
0.1785188847840038800
0.2543584769757880600
0.9689691480087271300
0.1667162695924720700
0.0000000000000000000
0.0000000000000000000
1.0000000000000000000
1.0000000000000000000
-0.0375236636628785560
-0.0402751126274811240
-0.0221206122898502080
-0.0188645852512701020
-0.0581532010810103530
-0.0474114039773770040
1.0170642998986570000
1.0516722171943309000
1.0561553459107778000
1.0366591417837938000
1.0198022442128978000
1.0310308519912730000
