0.3556466583190595600
0.0744429146269617730
0.4205515951737998100
0.4809099713803738900
0.1274780829567342700
0.7163423604436047800
0.5455127003690769500
0.8446027551030541600
0.3809527108745528500
0.8624920788170799000
0.2306377764201765200
0.2340435129400757800
0.5701675174602206500
0.7984759414236501900
0.5710937862880421900
0.4239942901082333100
0.9164537301446588100
0.1344557508126084100
0.4034188373974640400
0.0569544937506833090
0.0386757334998748880
0.5928630766918149300
0.2918896594922738600
0.5990446831290973100
0.5365600167661771500
0.8453103788439293400
0.7770645336114997400
0.9242102525768479700
0.4555653963923302400
0.1011066122841353000
0.4563801990529317600
0.5358050154711111500
0.3046883877769463500
0.9621008829943162900
0.4325475402244414200
0.3008107326732029600
0.3568803847739167600
0.3410379603517829100
0.8448981414409725300
0.6878831972380729000
0.4859581582949490400
0.4376520720945392100
0.3063993296217386600
0.8148773408712123300
0.2729242629898506700
0.0363474236759394330
0.3518061280474671900
0.9455288466071489800
0.3389717066955768000
0.0377569875514693340
0.6699705458619277200
0.0543636874102261800
0.7810344490170159100
0.2455622372670672200
0.1535279662771239800
0.8698341022467258600
0.6232981214766979400
0.1136784937798875500
0.8718129828581204800
0.2349357136712415500
0.8766344116367559300
0.9467637405613522600
0.1346232858554965700
0.2871838828868854600
0.0188828251400511470
0.5560021233231973200
0.3386165976888970100
0.5375303788250116500
0.1072581452257395800
0.0204552758569797150
0.9619634065719530100
0.6363576431104739400
0.5280497757673011700
0.9046313711040152600
0.0702249930600770260
0.3466591935281823600
0.3276239464213924200
0.0186677693627486300
0.3943912072501971600
0.4971887433365352900
0.0893389598677884890
0.8468310049080300900
0.1967783326536166600
0.7747755227943680100
0.6246029343651513500
0.8336630212926867700
0.8944880726200810100
0.0892029885008845390
0.3655492313478841400
0.5512657617128311500
0.7066238479627930900
0.3251775586843554900
0.5873471582879022900
0.8248106977721375600
0.3278815845700580600
0.2159752715449498900
0.6387280479913506300
0.8030619392048804500
0.0180459165958131270
0.1846207435382364000
0.1636371164476123400
0.6208669673181568300
0.1511758208032456300
0.8307991156899570100
0.8213392067820759500
0.1303126357976383300
0.9808579675204753800
0.3879231493616057100
0.2556827080230041900
0.0182010729999218040
0.8935925915958767800
0.4520921621378422000
0.1482199989413541000
0.3325952606704458700
0.4693549709139571100
0.8341512112561527700
0.2774435608917668100
0.2897807010917092800
0.3229462328836901200
0.0190304512806219630
0.8287046690689454700
0.6228118664848351100
0.0800062672278361590
0.7451738923599686700
0.9069978743241680100
0.0811460679077300880
0.3826763573247886600
0.9408196087167760600
0.0969545511509483510
0.0935216405738485550
0.9690433645093411400
0.5928666100898710700
0.7825826278833862800
0.2888053440360865400
0.3388616803398588100
0.3975987972948941100
0.0937672403286396870
0.3193492278421082300
0.2412731358024891900
0.6526174751577825700
0.4186449950692849900
0.9813598220955481700
0.1926042517013882600
0.7402570138553268300
0.3734050129933804100
0.4566441940190497700
0.1571149391609699100
0.8250867491131793600
0.2822779176798969100
0.1181390253938847300
0.7930263422323555700
0.2623472646974260300
0.1997381262501122000
0.0381648121881115670
0.7217249767593840700
0.1314506547194027000
0.1904074597776369800
0.5298084662125169800
0.1939491080709082600
0.6634725272047419200
0.2169837878636052500
0.6368603847724819700
0.3833220008086460400
0.8117861059773287000
0.5153260933928922600
0.1559672270322855800
0.3222822377460647400
0.6493561220465101600
0.7599679326557411400
0.4818871553616037000
0.4182710969920952500
0.4705309747339818700
0.3045537673214018200
0.4757863611348766600
0.1339736260903123300
0.5224176526370908300
0.7232814762949005800
0.6059324365956586500
0.3683149789496326100
0.4295026233020387600
0.4631785915205303100
0.7882060979255739500
0.0862656119946287460
0.1109578606222370600
0.4213112996777796900
0.8469044675905638100
0.6180129325953719300
0.3958269668666945500
0.0366893126233929850
0.8397442603924584200
0.5193201707046175600
0.8477260969853202000
0.9024852895173104400
0.7840495365420607800
0.4639441010563000200
0.6006396872825554600
0.4788359740685691500
0.2869972112609871000
0.8718556892953167600
0.7224158265111475500
0.4621008586012450000
0.3308512091593922600
0.4917823662437765300
0.5769125764399066800
0.0404696231503478420
0.6019380220081814700
0.3113983786347757100
0.8437435881016992500
0.0755484065408056770
0.7415474777500851200
0.2075894930171864900
0.8967661357036332800
0.7477921595262220200
0.0192101114604915430
0.9387170134422684300
0.3305150979925582400
0.5737686194658943000
0.6268470892248928500
0.4364400918748624300
0.2407335448810543900
0.5091383555031039300
0.4847177528956705900
0.0741630502556232950
0.2350416971920960000
0.6676012416069706500
0.8691987205984085300
0.0921773576862713610
0.3363816943459460600
0.1128245691976753300
0.7267065201279646600
0.4739568982517283200
0.1345064895128100000
0.3540227916667869600
0.4681620191196246300
0.5178071549464787800
0.6635670612120498900
0.3050878581030673200
0.5451773741231934500
0.3963339541590324400
0.9114018179322261900
0.7903091449347075000
0.9314357282288970900
0.1740267257309908200
0.1715794918607836100
0.0175539457215297680
0.6707038194409374900
0.5246550939691265700
0.8237904110592506600
0.8985697803588095200
0.1286272590112804100
0.7677475700602379700
0.5936940133387094100
0.1614711897675033800
0.3354724120238303800
0.9165719503568207100
0.0738758841236088480
0.6750247749950801800
0.1234572731466487300
0.8395532506531524500
0.1822133077261950100
0.5741051414389318800
0.0946877753991872680
0.5386031356029364900
0.2801886359955982300
0.8601594174476591100
0.7471314760728385900
0.2353802733143073000
0.7777601590815008700
0.5698832216087653700
0.2108649660202808200
0.9790259939608829700
0.7387125902804833100
0.5521884643536831800
0.5325265031685337800
0.5931193993667494000
0.9063573173006025400
0.8417550895882550700
0.0351651837401747780
0.3844043378471258000
0.2272698350785470600
0.2037388829235366200
0.6337189855464617800
0.6718370588070905500
0.1789503912704676600
0.4225833610303326200
0.2464014090609709400
0.5517901980397770200
0.5447288699520822500
0.9765630211993146000
0.8717526386929206300
0.2632724472243425700
0.1423476359295509600
0.4484283031310157800
0.3004679708879682300
0.4559340839983895300
0.3722472724006444200
0.7992685896249215300
0.0549567921664288960
0.9077695346468964700
0.1294965340112162500
0.6456695259657889700
0.7899378703989987600
0.7747846687045884000
0.5175928885483407300
0.7074270461060782100
0.6963424084065547000
0.2676780213430287600
0.5892067090357074900
0.1758115856548823900
0.2740129649068465700
0.7026942161142687400
0.8489945562373306700
0.1506942056616920300
0.3507135434737259100
0.6392369134114014300
0.5130591610854998700
0.4769307519923540200
0.2344389755890416700
0.2498589300710248000
0.7096821360552955100
0.5619277529485322600
0.7839778393276097800
0.6730276606922404000
0.4931379491172575600
0.8693489809524950200
0.5818718014462072000
0.0194056991704708650
0.9440076023185016700
0.8877600621798946700
0.3555465205254936300
0.0383231332050354420
0.8278117768625595800
0.9810116588675044100
0.2591639499774244800
0.0880913774616031150
0.9099679820037331900
0.5393924505327737400
0.6079544134606380500
0.5336466514390856300
0.2267134238837005800
0.7107266726276159100
0.2605785760456975600
0.8333967912295978700
0.0180967114696062440
0.4153410115098573600
0.2944318148838148100
0.8119591442952756000
0.4609209870393885500
0.7921784124648673100
0.2657817729270728300
0.7793123543185056500
0.6192458598862110600
0.0545314435145028490
0.0934780506094758520
0.9320985837040088900
0.9818419163569532800
0.1844121749630938700
0.6904771890666708800
0.6358904346457555600
0.3445985233638984600
0.2556853988109610300
0.9296106782487689700
0.4956152753308277200
0.3193096884781203600
0.8319946862142670900
0.0589982752078275770
0.5935054315689265400
0.3484147292777924300
0.0186394640339799420
0.3617192587359406900
0.2021817344196041600
0.0377417671155885620
0.7531714294572040600
0.3572721953862855700
0.6074883332284096700
0.4121957621570600000
0.4445735524965606600
0.1816544181917874600
0.1592548272176867700
0.9428026059231479100
0.9271300700091158500
0.5346306588795128900
0.1121345615199768600
0.6787658194827691500
0.7783843267337536800
0.9475003201695159100
0.2670626908282819300
0.3954026515922026100
0.8533853658999481800
0.1629163338392653800
0.3207727848201305500
0.5578278927330960800
0.2241335366879896900
0.4778816342657907800
0.6263918873642369000
0.9226645233598492800
0.4648092904835755000
0.6886386278000206100
0.4883747692304624100
0.4003880570729413400
0.9658575388150013600
0.6573043003891583200
0.8318891320624064400
0.7628633224870889900
0.5174813676976742800
0.6481736522295410400
0.0182970197682289610
0.3705725696628948100
0.9633994593988729500
0.7826042866974236600
0.5133622130721076100
0.7202288515797190500
0.3885294383247548400
0.5813281705500367200
0.2783191786769710400
0.3295813692728323800
0.4830108019688221200
0.9810023154333452600
0.5167180671927379400
0.2744258436091097700
0.1783355308850833600
0.5349765553268859300
0.7792579905716399100
0.0189884013253000280
0.4017610794388144500
0.7752888787553143800
0.4642142774720489600
0.6061986234365739400
0.9097624142651115100
0.0583418469045251520
0.8824617970505831400
0.9816035589229430400
0.8525245201050831700
0.4327111978747036300
0.2082266084667130900
0.0976461743907514890
0.2461239239048783600
0.7321414816504821000
0.8158471417895434300
0.3784075347103205100
0.4449233888771163000
0.9609248770951611700
0.9302581178614722800
0.5684799712242846200
0.8115925544319104700
0.2699282412340904800
0.5178537846692375900
0.9000319647930782300
0.4685736116259127100
0.5895108732054739100
0.1423258942199925600
0.5963836443302967800
0.3447237769049766900
0.3264884991334515700
0.8405604319421791100
0.9809260677428821600
0.1123817815362204600
0.3168130180437248600
0.5925438162291470900
0.9804779116063565600
0.7505836355326402900
0.4622603548072039500
0.1698817554852551100
0.3738544150072792800
0.1992314785936233300
0.5588898849820547200
0.6124091036261719600
0.6244614686404346100
0.9450772843142771800
0.9444085640745024700
0.4968045471112436700
0.4321045641885397100
0.7218457091989507500
0.3107069607532672000
0.9464667207202451800
0.2547052869761817200
0.6094611691717406500
0.8132580624778869000
0.4978356503115910500
0.9605474659874841900
0.2817137304568189100
0.3368737272041077400
0.7482918488795457000
0.3172918312575056500
0.5548346777705782700
0.4107237464544088400
0.3745462459260883200
0.6590524980463141600
0.7882969699001860500
0.4026676674892148400
0.8026264420439055400
0.2538318337033279000
0.1001274918499896100
0.1949050790516407600
0.1826764301646853800
0.8383255486921723500
0.5796018419283578400
0.2340387918332942400
0.5671966568460623500
0.6580075985581195200
0.9266618626940756900
0.6684872495459001100
0.1622246785087617400
0.7195078820439504400
0.4875693581575398800
0.8738511337544687700
0.0582370204282522400
0.2800451319256067600
0.8824067224064012800
0.8012896500599129300
0.8922132051527378300
0.6890950246198576100
0.5887487156140767100
0.5244860454669990600
0.0721632658638266950
0.1686576028745427100
0.0527163819185453570
0.7553070406577405700
0.2073870613750303500
0.8362975032832280500
0.2418168410712662500
0.4965193895629821900
0.2153685118982844300
0.2265760588366095800
0.2147973318127416000
0.6104588506290253800
0.0371520180367550380
0.1464798640802023600
0.8114549327480844500
0.8225128706017929000
0.4623153661606451100
0.4251565658017476500
0.6153902309519655400
0.7843818776704911700
0.0916848732308358370
0.5879319920478390800
0.3345042242312517000
0.5023108263933315800
0.6664787269223672000
0.7051490573327665600
0.9517529590191566900
0.3759679493796507800
0.3913207675798336400
0.6201237939009377500
0.5361397189153953600
0.9242031181408859600
0.9434488033214302200
0.6316058572978702200
0.9223977282702824400
0.8039733174335989000
0.5249556782351405500
0.8612972676436755300
0.3686735177077410400
0.2170446938611972100
0.6899300907590715200
0.3638984160774940700
0.1558416054166008300
0.8506439218786248100
0.4318261731198493300
0.7988617032098352900
0.0196321707891148650
0.7603348576825451600
0.6466097475113039600
0.9081841264005335900
0.2202385725969535900
0.5730791600067631800
0.9633139014744769300
0.8913485670819829600
0.4288223011345820800
0.2046513602418499100
0.6675648270479840300
0.5333449090171507000
0.7080099821784967600
0.3288561478342021900
0.4133270279578079000
0.2037403414293707000
0.5041815212804583400
0.6783880938016686500
0.2582507023372418400
0.6434791227370183500
0.3535796185502614900
0.7476216680417815400
0.6435716740708109500
0.9283849029658939300
0.4986371957584638200
0.0552650192301686050
0.6637966143954241400
0.3589268804959140900
0.8723900912311841600
0.5904032087568783500
0.0786665206224761440
0.2296613715584056000
0.4590748589972195000
0.5431337166596977900
0.0521543918247969470
0.5944028498928684000
0.2058729409277333100
0.0788333351574307530
0.7817662205889075500
0.4705437132826877900
0.3930909268459352700
0.7559258189188062800
0.6208766028454713000
0.0356395059869835590
0.6040591778394387400
0.9636314563331442900
0.6326039087148257500
0.1720576934267096500
0.8301380126958228800
0.2994167075462307900
0.7561350826916742900
0.0425395034809180060
0.1967812620488345000
0.3012591140931559800
0.2165488469288929000
0.9641002227525307100
0.7034479641714652700
0.8545614270788822700
0.1680800680196054800
0.5761788333895641000
0.9466588415550226700
0.2960808283186086000
0.3014398701099042000
0.4091885810233171200
0.2542120970024908700
0.6051410395958295400
0.4214308025104140900
0.6136254896704099700
0.7437904693479358000
0.2613926745127550500
0.6861072767637393900
0.8508203669001263000
0.9612066787030143500
0.3699413261050760700
0.2429642251412302300
0.7520689953130373900
0.7630713870222655100
0.9111149036872208100
0.3263298536521447900
0.0615927442796106660
0.6275840644345166400
0.0170769928284272500
0.2217878233517039900
0.9801040610878190000
0.2389128996269629100
0.0568431848147246330
0.4913619291316512200
0.0949360716826599120
0.7589818883006731500
0.2213422128054936300
0.7263791622906904400
0.5025027055849021800
0.5124555312195180300
0.1587756568064407600
0.7628211359996505100
0.4887449107059265700
0.3564870012354576800
0.1383517053902547100
0.7639595624824518900
0.7349833928928576300
0.5181695225120883700
0.2283996128162771000
0.5042058620988348900
0.6081693619370238700
0.8853325703595932300
0.5157798002901170500
0.3589195989591993400
0.8773216233814844500
0.8616342256402034200
0.7764230579278912400
0.2569593815152248500
0.8887979066054052500
0.2741568888261701200
0.1839060544840902500
0.6485060070534157700
0.8218956685624503300
0.6219994643553181700
0.7241789950805327400
0.5405889853530636600
0.4493108219098497200
0.1434648614177871700
0.1753838528299984700
0.5884232431749277800
0.6886442319195823500
0.8467260437616396200
0.7254348941431728600
0.2611027523419350800
0.3761195846877238800
0.2769678598095245400
0.9467736014662734300
0.2144227928610124800
0.8979143262463430400
0.4501009440842877500
0.7623116266184031300
0.7038873315427050000
0.1011282999096645800
0.2477750657237947600
0.8341884908484277200
0.0191728666414592300
0.3313613537890692800
0.1103108761036582800
0.3984687900648508100
0.5878277218074873200
0.5561546702058248700
0.9409671714958333100
0.3359164491640089200
0.4018532734790670700
0.1660433872341142400
0.3345388276678464300
0.0576605699900490450
0.8123995753312397400
0.2210802759786488500
0.7106613606887191000
0.1661074926426859800
0.8892656730025286800
0.5590803626504086100
0.6346093381794556400
0.7080531329933061900
0.6380606796966448200
0.1954304035492297500
0.5174816087257390100
0.8928894051752367400
0.8325202775114271000
0.6079597597358446000
0.8598794774807966300
0.2272421864725000500
0.7031797207231320600
0.5787013956147275500
0.1868207092751863800
0.1768695967519909600
0.0200728082707767010
0.9627657474389393900
0.2140754439320675400
0.4789292688304273000
0.6654457690444690600
0.8386886789234997400
0.8075126331543469600
0.1500574982122424000
0.7518915334282894000
0.2195160455894740700
0.7613632052971771600
0.7686916676300503700
0.0934454414077384580
0.1541574510087545300
0.3331614638721046600
0.4141211227094832000
0.8313162455160487700
0.4221757609469521400
0.0752174265430739370
0.1158113182372080700
0.4374927151334450100
0.1944518489452405400
0.2041664988799174200
0.6979875657547488500
0.8023283413907079700
0.2907786954384485300
0.5897587116472008400
0.0193854267204573020
0.8380291802342911800
0.8441855508687221600
0.8494809276124093400
0.4637270433328037900
0.0354232951214409200
0.2862555727705369300
0.5020539482731369900
0.2938378452676458400
0.1418780142009347400
0.9307120720988958400
0.1539906231576454200
0.8038524471691405000
0.3897960821181968800
0.0443332934935157940
0.0745695994405349140
0.7820051407089686500
0.0980919114031260360
0.8915399017931555600
0.1899407179027765800
0.9631528104773952000
0.6793787330614291500
0.3211952160523342500
0.2042434715084363900
0.3246689910406129200
0.1095637698134034700
0.1662896992095393200
0.1469781702457621500
0.5015273068274779300
0.9030976923311040400
0.5476275043814272700
0.9629669674598248000
0.3123064201294236700
0.0778114565915392350
0.6844004810082670000
0.6772957505615258000
0.2776189540584100300
0.3143145515808453100
0.5333551919514812900
0.6559576045755062300
0.8496763055176014300
0.3573586425590196100
0.1840351689192731000
0.8626646468436068900
0.7966052777269923000
0.9230372160046618200
0.0842857094777565570
0.4911770912518368400
0.7067133312278519600
0.9267642999183807200
0.6277198927777050100
0.6622394481629047000
0.8169617840968991200
0.2904366853552924300
0.4257801924879564500
0.8242388972237553200
0.5280705976491708600
0.2718972268006030200
0.0205797418006481750
0.4146115545219149500
0.3029180461273452400
0.6932318176558058800
0.4626006786127068200
0.3598323017984683100
0.6318266776146194100
0.7272689006168594500
0.5748746832444594500
0.5006367026543996300
0.7191139372395928300
0.8378185341745513200
0.2164419090157473900
0.9257669802730322800
0.5838359212478083600
0.8176829528746067900
0.0582935992834069310
0.2255596542445024700
0.7186451397191946400
0.0708421894228280640
0.0190680766253140990
0.3209511171712470800
0.2265802873527216500
0.5836901686627232700
0.0572106915753149430
0.3495401961147674400
0.4032998982000406400
0.2365596181185961900
0.5511922216658284900
0.3901436453223978100
0.3098416018096691300
0.3363600302834743900
0.3903207270351118400
0.6186576122882607700
0.0924407174073440530
0.8052227025882977600
0.1826542006222959000
0.5760423629044028000
0.8638420315739745400
0.6752721517318816000
0.8157430120354575200
0.6634307265421656200
0.7679885420896694900
0.2556040653057042900
0.8006301709742536000
0.5606341951797032500
0.8365751833213862500
0.3801803290224762800
0.4914383920728489000
0.6800817171328179500
0.5989367647725608600
0.0363669836071933220
0.2157425355271268800
0.7747599890398859700
0.8561801251168269500
0.2726528281355150600
0.6881892097361468300
0.6478308840843590700
0.7329874703449127400
0.9621923722107501600
0.1647109337555217000
0.1564396161915141700
0.4893598141647972400
0.7823855285831670100
0.3080755545866681300
0.7001988385774993200
0.3120769530936742300
0.5990075819894419300
0.1092419052767174800
0.4653219871079971000
0.7912509031461331100
0.7972469399312927000
0.8092178419455771100
0.6293825290089187800
0.5478989450074842600
0.5725092414753905100
0.3132837447189316100
0.7585577921630144400
0.7607508985439593900
0.2971731595940536000
0.3851966784716553400
0.6064119985848029900
0.8828124766574686500
0.5171461338425205100
0.2459151406477627900
0.5431677277550250900
0.6242805170305129000
0.0613057501369024400
0.8898604290515664800
0.3858435713465187500
0.8148683890936235800
0.6987860522587497900
0.3997448274628676000
0.1356754366736174200
0.2774222013101442200
0.1295031860943042500
0.7003721476731721300
0.5709201228684074300
0.7740411221914245100
0.7928208020454415900
0.5608657237006016100
0.9134335668208070100
0.3068511118812373200
0.2461956313954820100
0.1056552282917073000
0.9055026787775810600
0.7780050765751946900
0.4283072124265309100
0.4983690177071071800
0.9797369154694138800
0.3537667951985254400
0.7170899482688496400
0.3452819284696405100
0.5730848167706860100
0.9420778494126307300
0.8886037560464302700
0.7409773358808460200
0.8025000774992381300
0.4215265724936970200
0.1120397796020355800
0.8830632102998159400
0.1983575249790258100
0.4508038314804112500
0.4477904968751910700
0.2533358588361476200
0.3008202369695319200
0.3356254979884387700
0.7132689500045373800
0.1516833809373002700
0.3577472396459061000
0.0536247392510622240
0.4444760661043432000
0.2851489704345238600
0.3556091189026509000
0.9611049932151969300
0.9039689236786969700
0.7401036017978788200
0.6665509281046282400
0.6913874769288564900
0.9071051155400237100
0.0936948539329336970
0.7902946745459407100
0.2368651817992142300
0.7274218346240728400
0.0406815567083634940
0.9550010010550471500
0.7334490017376897900
0.3673531335900448400
0.7320900802970723400
0.2923752256753869300
0.9407131204382565000
0.1483499790627543800
0.5231009454642154800
0.1286870695224193700
0.0380951332198772170
0.8129987126095364900
0.5812955103711509000
0.7842995937957887300
0.1782155367153462900
0.8277941824090275800
0.7109383280061252200
0.7006942789614603000
0.2757517292199280200
0.6923111864792884700
0.0349820006538506050
0.1940525964774483000
0.4749970027332801000
0.9816051528045922600
0.4481948011695324800
0.5011548005139048200
0.0200538344945000550
0.3428102569895591400
0.4180565109035053700
0.3407690554909326200
0.4196108760621885500
0.8423109622326685500
0.7128002988792049300
0.0196373675227610700
0.6123963035463960700
0.6892982991319884800
0.2789166546355436000
0.1946133217655237100
0.6894097478206177000
0.2665372762579676400
0.9632192004608707300
0.0936739123796786480
0.6713334064421637700
0.0573415119878672720
0.5401248741572463000
0.3209082333853878800
0.9799009902278467100
0.0758671905112849740
0.6006786974268074600
0.5539155903789961800
0.4807252095086744800
0.4196919708007713600
0.6705992741338678800
0.4371304982294095800
0.4026262010671611800
0.0734363448527210750
0.2454048153291666100
0.5481966314875824600
0.6168745606028786000
0.1357699494109671500
0.6615754849534382100
0.6668886359982633100
0.5594668033074486900
0.2303859659774232200
0.9645189044898993000
0.9809232273982921900
0.6889549673783782500
0.4388359333900358500
0.6442342989547136200
0.6512126025285731600
0.6565690405539896800
0.4142014066952420800
0.9476376069704450800
0.1708331914295044600
0.3402395190398727600
0.9012986749533756800
0.4812524008275305100
0.6006387651330642500
0.6692269871244729300
0.4784611230370478500
0.3052645046763640700
0.4833442402976419500
0.1813198699463505500
0.9030695631092139400
0.7698833385094190400
0.6242911149565995000
0.8489786503564071800
0.7859131014161474500
0.8786053601735839300
0.4735628837829571300
0.3962939418476842900
0.8532361969871200500
0.0355179566565706480
0.8011144441761596200
0.8960606579041574500
0.6589133507857890500
0.7992520995531458000
0.6251947520972228600
0.6524553373431067900
0.1147594282861046200
0.7405056312802800200
0.4373003051662987000
0.1477264150160228500
0.5370144745956914000
0.7275360887557349400
0.9612176241908210200
0.4386136478934472600
0.9614558645886816000
0.9066201198322591000
0.4277873295845283600
0.5374828939975074800
0.4522402770364011300
0.7539647273891738600
0.1885266810308694500
0.5172589273910138700
0.9805571246054168900
0.8848442410582325600
0.4413848234256999600
0.0920640680549860980
0.3072682169045965500
0.7559686204613597100
0.8641113081819569200
0.0400561912919076490
0.4234567274071163200
0.1974956490134876000
0.7617988836875051500
0.2611751521106174800
0.0364128242456572340
0.5715155331336991800
0.4955883377804656300
0.8746813950977330200
0.5945800183800965500
0.5882649069621733700
0.5927044202365580100
0.8707641315290064500
0.8353563294475874200
0.0180839795935066670
0.4497228578628421100
0.5498693571716712900
0.7319966362269378900
0.9199440379588066400
0.2909639408635334400
0.3179464031638628600
0.0201762054779210770
0.2265537501314090200
0.4176623454956461300
0.4531827083822523300
0.6694152848362653300
0.8714751816918624400
0.0908958220283713060
0.9434913138619111000
0.0615015426932453490
0.0545379098579055270
0.7925885696768043600
0.3843010875795477300
0.5620670744898200700
0.8706572292700451900
0.6972815462554302600
0.1884255767411069100
0.1386168947509086000
0.3416625831485044500
0.5453969807533579600
0.5965971734917400200
0.0599142193422458610
0.4699150244991879800
0.8046565772380803700
0.5060764950789741200
0.1744826018200678900
0.9579700999543109300
0.3601388530511055500
0.7058180843122571200
0.0740134360134482720
0.2952886629630719900
0.0583170891087085450
0.6516437395953949000
0.6831712827865030800
0.9600326777443438700
0.2611474203292423200
0.2860249418124685700
0.9424665251127125600
0.3225927530043045700
0.4074684286570415300
0.9169091378533920100
0.2287394460122519300
0.7762843862311604700
0.0532130216376607360
0.5095065191318912700
0.8515112701446647700
0.4922319026263660100
0.4751163544003417200
0.6472536413770364500
0.6479913921779040200
0.4738041916692212200
0.2165716128539700000
0.4082232059642957900
0.7764915314991304200
0.7672369941765372300
0.4078889956489229500
0.3927248164383098100
0.2022518418160087200
0.7466397472931959300
0.4592689427921479200
0.0784193592810156490
0.5801951463171418600
0.4160644749633193900
0.5301048909859585900
0.0382454027466585590
0.2056088621965072300
0.9078452862655460600
0.0810082951219301820
0.3292783309736923000
0.2473321510469158900
0.4970304765586192100
0.9204001790303642000
0.2025840528692972900
0.8114025784333617200
0.1414283117907921000
0.4579253877675022500
0.3675686750091614600
0.8858948468370628800
0.4366633453780612300
0.7558645709396520900
0.4612233371926061600
0.0751268273088328410
0.0565386299562767590
0.9071654085138570700
0.6595905613986788900
0.4996147231758607500
0.6885627741321376200
0.3865886051810790100
0.1814856019365563600
0.7641731639458780900
0.0396554002991090020
0.9440520769481943700
0.1263915645149743200
0.1633688352411187800
0.9586483132740164500
0.1309530380923877000
0.1396162739340233200
0.7618198553111584800
0.5514790446594437500
0.2603726772158346200
0.5889409059974650700
0.9527785877242317400
0.8381915923608568300
0.8767784410298959900
0.3135956629499599400
0.0523114176568498230
0.2160314226556564700
0.9609794381313621100
0.8875832751425081200
0.6896858986105063300
0.7892846261901884700
0.3497393020703033500
0.8576354215435704200
0.6321963992224101100
0.2441727760220321300
0.2246479428552138100
0.4869124102607209600
0.5909786216139300000
0.5736028852229696500
0.1261276225354887000
0.3656796252404492200
0.8206492845484939500
0.6695343261901136600
0.0763758815921406630
0.0395150371381050580
0.5556091806936975800
0.5284792114108621800
0.6477170428363702200
0.5928708370845392500
0.7336982310289031900
0.4758327834962403600
0.6365138203469672400
0.1486660294354480200
0.8676560988825693400
0.0547756171239496890
0.3818212344266064800
0.4407637859857408400
0.0199051621351667920
0.7442539375214607400
0.7541923678509319100
0.3200427748324619600
0.6167055904859020100
0.2436449504469978000
0.1422356978781382200
0.1454610542303186900
0.9239142735837087000
0.7915373080929734000
0.9277760395029861500
0.4055432901093176700
0.2139108917112025600
0.6341100857337579300
0.6346435704797193100
0.3687205067217505500
0.1669032271686040100
0.8846920137826851400
0.4489199061580823600
0.6517519236639631700
0.0410169718021944840
0.0571048494317634090
0.0999218205828708430
0.8823762543864984700
0.3081791966570042200
0.1225444754164878300
0.1738451781796276900
0.6306717148099360000
0.1208726291279770300
0.8311810595708997200
0.2771835045485570600
0.1730443576681166600
0.7409907787301888100
0.1718114986769879400
0.7035375218774127000
0.1471475049610819500
0.4434570349015970500
0.7963770654592300400
0.5421191598405984400
0.5902321407706865300
0.6454478072466287600
0.9192832610190058200
0.7588847406673613300
0.4810719242662338000
0.1272712670238006500
0.0176330328141380660
0.5446172597020771900
0.3400355267248258400
0.0880759871024996140
0.5135734368494504500
0.6408972890501211100
0.5279810457816831400
0.4169013687898176500
0.6133465191389495500
0.2643727579748289000
0.1831920685001701400
0.8973545830481509700
0.1239559594467116600
0.4982990186649471900
0.1555950398288401800
0.5544584402048462500
0.4594671253495718500
0.7261298053498891300
0.9217135292574770700
0.7466817961937622900
0.2921548032176326000
0.6053426262925562000
0.5404709268039374900
0.3663750677650947600
0.4966278965850396400
0.9808602466367363200
0.5164684958450366200
0.3337073839121131900
0.2874019586070854500
0.8773239398730092700
0.0837351043307989350
0.8794190158447708900
0.4303109131533613400
0.0796277245492965360
0.8984590014159190600
0.7065559557273238800
0.3991889825681282900
0.9806873895130833200
0.9637409313557368000
0.3812260918114034900
0.3976532089998000000
0.4409213514295912100
0.6537026288293440500
0.6229593477974269000
0.4536278042705873500
0.2527425357603991800
0.7258946039869343900
0.6326898241426242000
0.3284723094130158100
0.4294973682176521600
0.9254256021461051400
0.4256706479952929700
0.7672655680136448700
0.7803832850988711200
0.4382650272225659400
0.1184247101167489700
0.8231944141764754300
0.4370777099599452200
0.1423639688476680800
0.5584159374833416200
0.2869050897515422700
0.6612467052613854000
0.1098646427316442000
0.1592421937636094000
0.6414989253511533800
0.3379056293625042300
0.4641946059263428700
0.2979044084499720100
0.3160121713061215800
0.0924616693159033830
0.0371826077978504170
0.3100381455437707900
0.8478555678133561400
0.8031982723685139300
0.8614516823190872000
0.7001186255264914000
0.0738182382399782540
0.8456110510496313000
0.4326396415039890400
0.0562919146551516050
0.6132625030865788100
0.7810525687358390600
0.3942560989299094300
0.4113365456417624200
0.4806883540628570900
0.1935331850068771300
0.2956128834287491400
0.0744970350366461060
0.8223394865631358200
0.5498461890123532700
0.7229827301748432700
0.2756757767259482300
0.9814957777859117900
0.3179938083458385700
0.1533851640600567300
0.5802319145227201600
0.4369728161563643000
0.5256302267017862700
0.6959028173705129600
0.2467531522783031900
0.0932809286195063200
0.4500417074814220300
0.4417832458983280100
0.0184044551591621770
0.4590039273609002300
0.1000533116996518600
0.0378532124900684140
0.2167936161127963200
0.6325652542347303100
0.5355173465456237700
0.5535777240441768200
0.5740048226529966800
0.9609033131824602500
0.9799935901383473000
0.8322056228401716300
0.7110822465403688900
0.0185002602816976840
0.9277624963527423300
0.1864577874656083200
0.5119879783134051500
0.5591878584531028200
0.1223709904037161800
0.8131777378182060100
0.6014967423006921700
0.3569097844427896500
0.6695704959342558800
0.1788136803041413500
0.0376860932575307090
0.7640778720696775900
0.1274176756233300300
0.8911271558522674300
0.9646148599018559100
0.5679201408733088900
0.2278388756509524300
0.9809743453327182100
0.7485721522166610700
0.8254325379113667300
0.2676069894712029800
0.5769553761997523500
0.7737397969944139800
0.0572950995703964610
0.8647099209361566200
0.4408877548875017000
0.5754984432881653500
0.1250917351255224900
0.8917109866142422000
0.3180152788170595400
0.1955265634932469000
0.0759894378826700830
0.9820188003406076200
0.5621617505536734600
0.7558182246603697400
0.8114314263627948600
0.0180466571643847950
0.5811379302809562800
0.6432111023389590600
0.3068832888903408900
0.9811629811732048800
0.4281116198181710300
0.3696432778850459200
0.1498019048537863300
0.0710633977635239810
0.7719392984556979800
0.3843341871712295800
0.2772208286515472900
0.5656331549853970100
0.0735166275842905340
0.3186087617285373600
0.0791022154219403200
0.1482167916901262800
0.5598506075775125900
0.9790475488325333100
0.6892745892956108100
0.3747788027743779200
0.6738967978852810100
0.8998103315716210500
0.2112184843181056600
0.2130159382656935100
0.0369402560266038490
0.8745167478871930200
0.2695322375497337700
0.8865488962517947800
0.3446980307037700900
0.0887689530385352140
0.6436656359492567400
0.3958058024618398800
0.8274474484567088100
0.6553684170825173600
0.2691810429678194700
0.4927303374213499200
0.8947710797218693100
0.8820812518463541100
0.0365170073562263860
0.8512550528421132200
0.6309170576888298900
0.7139744839122580400
0.0769825106095393670
0.6777637182976008500
0.5550253893212486700
0.9236554688559812700
0.2189788744579955500
0.4560098941005981100
0.0945452990500838530
0.2915599588228157100
0.4138144495968800700
0.9193515173860669100
0.8695966444448316500
0.6828156784590525600
0.1712366634845523300
0.1502748887903749000
0.1902004232789691900
0.1130529552170643600
0.3782648181502558700
0.1257800912573612800
0.3156682602308161800
0.5932106950591813400
0.4671193050345741600
0.7028096778403175600
0.3561073171158052900
0.4519909995335679200
0.5182165556118179000
0.7982542948005516600
0.8913078462460973800
0.5484777161883853700
0.1636023972066094100
0.9811549842121180000
0.6076257412327710200
0.2710021240570909500
0.5121305203559943800
0.4427298055617429600
0.3377761647449653000
0.0631473153266205040
0.4002375838450565900
0.2236944543603344400
0.0783222133735742290
0.0943279515206960910
0.6107394874459701800
0.1674350210715821500
0.2360287683466178500
0.1847739139934472300
0.2720145675134976700
0.2847370262654458900
0.8713464270812321100
0.3340094567700867000
0.3974412464593318200
0.5262819056778532700
0.5344562076111142300
0.2457967891626728100
0.7611797597056398900
0.2375163404605982200
0.3851382242144971700
0.9500500891304258800
0.6898458589971132600
0.2967115676530968600
0.8130428397482716300
0.3081548477055985300
0.8221059735158169300
0.2286113201105828000
0.8128451216977231600
0.3436169652702401000
0.7399798252505250800
0.2260532770501371400
0.7919164693413693900
0.1169596587369293700
0.4697692771781058500
0.1635988772405455000
0.0191656765808419890
0.1159672983138977500
0.0634004604525084530
0.5973188733285771400
0.5238194306067810400
0.6315973148276929900
0.6314731014080802200
0.0601593624053568320
0.9629245568650921500
0.4764223500570846100
0.9299004209697302500
0.3610470582849450400
0.3904008160566983500
0.9224882269083611900
0.2503682160737745200
0.9615441951390938400
0.1763656053664978700
0.1087999554334953300
0.1097472058140466200
0.0374185627055403850
0.2818123836684702200
0.7089227260282844300
0.6866196859656847900
0.8771604815997597900
0.1571664201034890000
0.3097389407289807800
0.2371189879657743000
0.1605762746319055500
0.7235526084076762100
0.6515336109585407900
0.4114606370193821200
0.6832119734207973100
0.3334566734228268700
0.2609627673841542500
0.0408518408673841510
0.7663667218870431300
0.8181627567767375500
0.6215840270014414400
0.0630697956183914610
0.3796580798869491100
0.5172629692289360000
0.2078255296419310400
0.2482093846219346800
0.6770135526561285000
0.2026153456593115200
0.9446440731993407400
0.1692128918628511600
0.6814419440653785000
0.5132438515617699900
0.6013655705162812600
0.7397246346036926400
0.8105519638055167500
0.0420222738786765470
0.7571839808793030500
0.3195564747013550600
0.2097817818503884500
0.8585287470623994600
0.9432363547188596900
0.3709186022053352300
0.1487911107049968700
0.3006934102151742100
0.2463294785508094200
0.6132575378562245000
0.2666480914412116500
0.7955919286855304100
0.4271790672660037400
0.5155732581622573000
0.9833224112804304100
0.5177897491583349800
0.1026719324011732000
0.3366746688135996400
0.5129321817742702500
0.7257957737616450600
0.8615004547529612200
0.7440829654914057300
0.9442077930922406800
0.8561763276610626600
0.2660958541397707700
0.3117364845858288700
0.6624147074378899900
0.7334743228058777700
0.2572842680086489000
0.8115034310812768700
0.5076335822470642300
0.5075707804567813900
0.2783851092741507200
0.8636441979281526100
0.1659097019445298900
0.9072790156794812200
0.1882723670418674500
0.1641374910847104300
0.9274197134601265300
0.0542244927070320850
0.8363286447899145300
0.3394616362452710400
0.2849380378865733500
0.7894918917767830300
0.3602253231831799000
0.9806272793133424800
0.4845750638434873600
0.0550359542257643840
0.5532559017435734200
0.0547928702142931460
0.6623954820587894000
0.4812774379959272600
0.5544853738404930100
0.9109052205981060800
0.2322568615422208600
0.9473671552180019700
0.5023601482403584600
0.9553020424748383000
0.4580292614655878700
0.9465499629046929500
0.6953552448718576300
0.6287322649975440900
0.2004757586501704200
0.3755608647355302400
0.8101599588751849900
0.5362288712548186600
0.3461778964386167900
0.1836054820870138800
0.7691972407057717800
0.7703495666555593100
0.6154144007170027100
0.4155675925346079500
0.1442198556792769800
0.8421943211510358700
0.8807834219273615900
0.7508041884360430200
0.2937615472197216400
0.1046246979133115300
0.8902633738635530300
0.8899698376069891100
0.0921901709995697900
0.6127731846497143100
0.2960669515675701200
0.0184859897691793710
0.0645979370875453540
0.5334310058957638700
0.6567139453434286400
0.3604600973493630700
0.4353419457826669900
0.1654017674649376800
0.1877883251711267300
0.0726193739399784850
0.5911445107931876400
0.1020354559880783000
0.7104389070986678600
0.3893891360779711500
0.6075845341771346500
0.9056509960054609500
0.1191172256882179900
0.0908506915350229820
0.3341073385857535900
0.1950878185841804800
0.3126391619261767500
0.8734619147253878100
0.7209787607406583600
0.4860083631606583200
0.6565896040064589400
0.9423119114796232300
0.4217977889700146900
0.6855347226327682700
0.1407577161219253100
0.9625650266584834200
0.8844272263931810500
0.4870853096692531700
0.6767898871940929400
0.3774795899425509900
0.9070542425224872300
0.3563350024267464300
0.7732600609970274900
0.8909479307892966800
0.6274443269656746500
0.3575301860582126300
0.1279526734003526300
0.9277046630270237000
0.9418533232881510800
0.2006731311823969900
0.1528744496708166500
0.7612226289404954200
0.8522371624028773900
0.1199526470985368800
0.2632796961077950000
0.5735040733152398900
0.4958076332485736300
0.1777925907684609900
0.0366786037256501140
0.4555057723091676100
0.0742699795424917460
0.8858807314529333300
0.7117266159201552900
0.3452073677592577500
0.3255572707490497200
0.2577891489065521300
0.9662203968561425800
0.4429196663633377900
0.1364077642856746900
0.2230569716020951400
0.6927797796124527400
0.0956675042058108550
0.1566381924423676000
0.1672729153432339400
0.2284458252593158400
0.2665039142478940500
0.2816555093983578200
0.9104363511836791600
0.6712407908443232000
0.5979932619076273600
0.7961668983788506800
0.5595484449413422600
0.0913965070238528380
0.3797978788325340700
0.4318125886182679300
0.6501680418766627700
0.9400232391599380200
0.7911828812543930700
0.4828006013315638300
0.6658332781439418900
0.5540846129932670600
0.7416243571962786200
0.1286097021273700500
0.1190345144457832500
0.9116723296979450900
0.8953654380486696400
0.4146703343230527800
0.9318781697368157000
0.8191778076961987500
0.8466416395148947900
0.1250238219146461200
0.9456732742869531400
0.7402888760057184700
0.5768492838386908300
0.3630833983294348700
0.5216450832557979500
0.7440562806476874700
0.7329090411936239900
0.2333401735670153400
0.9422053095151379200
0.6084786235692257700
0.1490225377657065900
0.2856386665512599100
0.2813972507463206600
0.4568318776259285300
0.6108709203656286200
0.6188016892549737000
0.2068292881807943200
0.4099328047784707700
0.3546763880726002100
0.6506551006456670100
0.9806071584395782400
0.0954016767979184170
0.9273796791523630800
0.5236096975376014500
0.7602605373194517600
0.4850423376822094500
0.4590494430399422700
0.9238205586082923700
0.7099334994279870000
0.1174979532755183000
0.1126612532336977200
0.3131262841082438400
0.4241021114506480200
0.5345379806231759200
0.8715313970493449000
0.3225668363039798100
0.2805947328864312800
0.6134577532533597200
0.3915510884791844600
0.3718992390440618000
0.3485066049106890800
0.1903702174717946700
0.1996284884558577900
0.8767986160174068300
0.7933069853175035400
0.8006098574068280000
0.6754215958251542600
0.1489842861146530900
0.2312718645735762900
0.3931899904184353900
0.3893792460614470800
0.2669736697101935400
0.9141530920100536800
0.1131158345933970100
0.7396355251717153800
0.5698433987967128600
0.7571748027693368000
0.7213114961320683500
0.1286763247228610000
0.4250324599457586100
0.7208076523887585500
0.9320040350534692900
0.5053178059824037200
0.6281636359186589800
0.7370791479882433700
0.4055289311401318300
0.3837316692048677300
0.0324089208243599700
0.0563077369333820910
0.1647290169910845300
0.1317963550540342000
0.6543917128194901600
0.0923226393973154420
0.6117668818562112000
0.9617619456363966100
0.2954856185435299500
0.0983386678518429340
0.2543745388447878300
0.8854938042367884700
0.7227351705570883600
0.3606599410550940200
0.6416461364959039600
0.8342979034336600600
0.1718862612322458200
0.2220635652372641700
0.8188905538326098900
0.8338915576897848500
0.1160521724850051400
0.4132986450690641600
0.1389740488936898300
0.2373077481358807400
0.9234346477823550700
0.3509619154310831300
0.6390769024211737600
0.6158347082065439600
0.1090763719158897200
0.8610255373603915600
0.4368289736140832400
0.6908858744557635500
0.9106417778230948600
0.9805258096014573000
0.3717286394348315300
0.7074387021070577300
0.7064911684237438200
0.2920386671706616300
0.3785699779468264500
0.9622205489170372300
0.2065747793804704200
0.7953871832889088900
0.3187754842610923700
0.9344239163591926400
0.7989421595089059000
0.2384006998258026700
0.6382090366566735000
0.3487286108103958600
0.5147254674173731300
0.7760687758557344200
0.6597831424751231500
0.9807268917101525900
0.5730374048910054100
0.5939095363926661900
0.1595003121954998700
0.4669239890767614100
0.3890689707297663700
0.7436260804586514200
0.5175351519635946800
0.2959448676879975500
0.7783527976893196400
0.8652148569472312100
0.0387902710708126140
0.1090466372223212300
0.2597119695139589700
0.7019239496194511500
0.9708235134743535800
0.6445898755046993700
0.9423062020828006900
0.5651551160664091100
0.4739788172078371900
0.5757899012282466900
0.7394752115322347200
0.0769362414376240370
0.3777512630113791800
0.2405412830313366500
0.0185218648058251830
0.3809437386669425300
0.2471156581322905800
0.2242069562139232800
0.0759406273141446100
0.2679630473487429300
0.2389896595393400700
0.5700433833474585200
0.7100132283380601300
0.1398809337416213300
0.7110206234396969600
0.1602774521245274900
0.9243454720863061300
0.5173804022794830100
0.1255582806439402300
0.4381516477415627300
0.5720159123937204000
0.4020119241797474000
0.7922424091292781200
0.4289689117357658500
0.4526544980165155800
0.5057385417985728000
0.0946996575634056340
0.9600564015639265800
0.0553120193789651480
0.8649649833646659800
0.0748160820009459580
0.5414061217183517800
0.7821272355158918100
0.0185422131877670430
0.6471744094211350200
0.6505334375566782500
0.3660922240556587200
0.7249837512771041300
0.6847014910909795500
0.9806706305702517200
0.5958015728473317100
0.3056691368487714500
0.2574898905981063400
0.6137716649507211100
0.7048611570532250500
0.6072647852834467400
0.3962357392747487000
0.7873501610923752100
0.5739428082748999600
0.0748999096038528990
0.0561166050331808120
0.5136452286075353600
0.3158501758807841200
0.2382808031949232900
0.4782885627718623200
0.2244675946276090700
0.2393835024118035900
0.1304178345668110000
0.2189354819059545200
0.8204203145326760500
0.6956176080905479600
0.1937638500675269400
0.8753049243076042000
0.0353915690449902730
0.3942698594784154700
0.4821220627611216300
0.3077282685053429100
0.2161539913846538300
0.8188012383205830500
0.4611062533338165000
0.5550522644457803700
0.5009122284869549400
0.5912819687571273500
0.7810473641594013500
0.2011670343083521700
0.7120312974842565300
0.5505628292824034100
0.9449196273771002200
0.0562104663387736420
0.1724479706012911100
0.0382922584047615390
0.5755594511122185100
0.3777154490582619900
0.6704022676243556200
0.3660339852178723900
0.8432782948773800400
0.9467020007590832800
0.6408417890967601500
0.9642720605576677900
0.2705420342205395200
0.9600853023995293800
0.8319339663480667100
0.0193692406395692270
0.9809922879464222400
0.7364495226608048800
0.0745009272897329130
0.4793805303962872000
0.0202673669748630360
0.3435102642563623900
0.1335691346906138200
0.7709743129995143600
0.6091313010344834300
0.4503168595545896100
0.4804745905966045800
0.3754940029974747600
0.4589779201624035700
0.2522228030683835200
0.2524800326844756100
0.9807728836894424900
0.9622838915150902000
0.9299418542724009500
0.7427511328133982200
0.4580109086359903100
0.3004859181099774300
0.3255162306507627400
0.8088913277828502200
0.1279315692282991800
0.6977100244732197300
0.3483945045001223800
0.0944550221470042690
0.3008988301659483200
0.4004123031144981600
0.7129971174756333200
0.2378504663812230900
0.9304036506337839400
0.7206824598406800200
0.5742419655009493000
0.7233092277876157500
0.4065583335161105400
0.2809888742716001900
0.1783639955916590200
0.2923857815649463800
0.2156552785449198400
0.4957749576588158500
0.6516988210503184000
0.1528340726955218200
0.7685772857180028800
0.6690864829336040700
0.4983641273883954700
0.9811788538750739800
0.0184180113776580700
0.6687393210017926700
0.3489682984789885300
0.9443943115187228800
0.1047344341773184800
0.6093428049891220800
0.5903247109795808400
0.4703416467949274000
0.4740684045366920200
0.3546514598722944100
0.7409926584911270500
0.9410069881900737800
0.8162954571491773900
0.2990938449827960100
0.0366203397801569550
0.9773820163128124100
0.6552252074374780300
0.2004949438132976300
0.9136088366763884800
0.0173366568159045510
0.1462338603489183000
0.2046703289650480000
0.4464217566567775800
0.7559229681295972500
0.8439986556957028700
0.0996888936551671990
0.1819118497816325000
0.7338147139953259400
0.3203637292128092600
0.7642203871156892900
0.9042646320299135800
0.4987836952628083000
0.7804340865744414700
0.1921588961045533900
0.9630596784174122500
0.0382560272766966290
0.6644099700243459900
0.4817619227383075900
0.7645941808015414000
0.5023634821635242200
0.3983297174676206400
0.0349775174184674690
0.1349403843849763500
0.8328407380739503200
0.8987831963279028200
0.2069314485374101300
0.3085401424104145000
0.0187653217300290600
0.5392579825144679900
0.0751418228814812740
0.9630763912608705200
0.1092921789104040100
0.5630582702241573300
0.1676021212804036900
0.4414482522511537500
0.5464397700047543000
0.7421109483224505000
0.8648690097820416200
0.3812364624387416500
0.5785064770778792800
0.0928774821919779590
0.3732837203438751900
0.9028428202378355700
0.3318535023765060200
0.3139289943854953200
0.9823724782772942400
0.3752196442718797000
0.7320737236893062300
0.4246198260759780400
0.4068902509112735700
0.7987519928096856700
0.0190605620389653340
0.0362330114741479940
0.7771675373659264800
0.1873969715990076700
0.6725580351500081200
0.7034381019655510100
0.6018107524400584400
0.9812360413198646400
0.3626234506600989300
0.1058767702308096400
0.5873462770745969700
0.5043411943403175400
0.1136573190745168900
0.0398004820372334990
0.9150388036081270600
0.1205060695197251600
0.4437672356827378500
0.0179256991805867680
0.9414464137972808900
0.0784530633529532260
0.9816048096456155800
0.1088164622363516600
0.2480330676257318800
0.5271055859486151200
0.7574686309142313300
0.7406523763734157400
0.3532681466511836100
0.1831662767849829600
0.0180385684085982360
0.8170578547342712800
0.0414538038303752240
0.5465962808640656400
0.9416205183984358600
0.5369385304366969300
0.5337626626900703300
0.5950863644409998300
0.3831634711598640400
0.6858412197573767700
0.8179927106339716100
0.6511571458379915600
0.6160212134562531600
0.6811223356977829100
0.0190950638299611440
0.8845985502207677200
0.5243057206012860000
0.2527308806942040200
0.7664316860602982100
0.9644569198941509400
0.9376941932070971300
0.6302294309296513400
0.9087789899676985700
0.2549061182578045100
0.3583315723735298600
0.5353633660009361500
0.1379697595157130300
0.8797730519641436800
0.6859344993898018900
0.9373034647457003700
0.1804289021183495500
0.3953257852227201100
0.7973563839811920200
0.6333091898608299600
0.1319778527480338600
0.0189307831056903520
0.7132647338974954500
0.3312235190200786300
0.4756690528420318700
0.2579824183096056100
0.1857768990659188200
0.8871161078533615900
0.3030154989578656700
0.8498949655142372700
0.5536723946191592900
0.5676458141764133500
0.1109434956814951000
0.7265593856595051700
0.9812197948809751000
0.0556535678667181430
0.7306937023175555900
0.6132927528193645700
0.7800721308134446200
0.6831689330368333500
0.4118120195546252100
0.1326370224415555400
0.1332986045057691600
0.5561706196338119800
0.1325167420055133900
0.8547352226892637200
0.2652802332755406200
0.6917779609146901300
0.9813774598745692600
0.8540969980414676600
0.2696382785492884000
0.2814704379143356800
0.7023475628725923700
0.8939094596366709000
0.1917381257713454400
0.2847658954210216500
0.1687354993812347500
0.5272425088964285400
0.1681891967254772200
0.5646381404946271300
0.9494014850420843300
0.5213316612177715200
0.8613644846764413300
0.5308944004763567200
0.6756743638391846700
0.8492768359613064300
0.9260384871862290500
0.7870635186975371000
0.8692491192396446500
0.5090477619459251600
0.0376128960030802030
0.7994657459380863900
0.7025713871650838300
0.3401435770147056600
0.6833502117316644400
0.0710862780742905350
0.3761732819093012700
0.0177976023876460220
0.0585295461292650170
0.2042746970709221600
0.9048460387035989200
0.0743690379475419190
0.0607486903767567240
0.8299006351634575800
0.4806449849005994800
0.6230104293347253900
0.9135256731270594600
0.2475299997423700000
0.2796523069963317600
0.6501374443797677300
0.5670536229765592600
0.4625124820013310500
0.1085002271967045600
0.6642043420147564200
0.4063348877298643100
0.2896307672824322000
0.3763866469155483500
0.5354794713325427000
0.7240349983721976500
0.5110053903086037000
0.7422448059883870500
0.4719995196229848100
0.5527243739739539100
0.9143486143120049800
0.2383328384435882100
0.8028360672044145800
0.6322570665001144800
0.9307875289301071900
0.6406388143243336700
0.8098810743145049600
0.0186096270326143070
0.3997439490756431500
0.8955416092640092800
0.1014147944849147500
0.4778455522310511800
0.4616430764714187800
0.1464593538001580700
0.4327906195392656800
0.1431400870570528900
0.1145565180545329900
0.8040283943526720400
0.2167300678984472000
0.5320440808846617100
0.9060647697874597600
0.0999082556171916460
0.1400167791768089100
0.5563396725109838200
0.4444431825413376900
0.7453540488587264700
0.5372786028631213500
0.1885516699861628800
0.4973676121625834600
0.2713646020840258000
0.6841788700832551800
0.5863009485211118100
0.1136882670184778400
0.8717483149818299200
0.6712498372263376900
0.4430941261875568900
0.4252895949612021700
0.7488624269696507700
0.2526351981122537100
0.4350817636245243900
0.8723657262497336300
0.8575116517743097700
0.1862720394707304800
0.5101680957835397200
0.0201305707849489190
0.0796112348323496640
0.8570025514011530000
0.2087273986761184500
0.4478954760878265900
0.0396023211873845900
0.3478233402318742200
0.4194321960755669200
0.4719087573817031800
0.0590377202713253950
0.2732396584534551600
0.7310756910822867600
0.9621423169527292300
0.0397782702009628130
0.9220892979183523700
0.5847557639303141400
0.3233851630831060000
0.7265849500273970900
0.2985567920132439800
0.1570645309871826500
0.7174044980749642000
0.9803916795274608700
0.0557735549592498350
0.1208032560825412500
0.9039242743423728800
0.6425316839945709500
0.4329632266352567700
0.3436719179264373600
0.4338517515948849800
0.4052212900447974600
0.2213144442670977600
0.3962395487624188500
0.4946831866867526500
0.6936914729891846500
0.6224467736239501800
0.8559620279979378600
0.9829809911089998400
0.7172533332165735900
0.8589807753095024500
0.7562584732140047400
0.8584481413923890100
0.9240658432347743600
0.4205451459448891800
0.9805109674811310900
0.6781729719886835400
0.6859968725151910400
0.4120639551164161900
0.0776835760544145190
0.7450896802217456000
0.3634459430397073400
0.2810761631482857100
0.8167228552555598800
0.2026123482711908200
0.1152024240481216600
0.0636246441537200310
0.8759691223962013900
0.2500523317799666600
0.7333308262379717400
0.4516378508197304000
0.2054466371340242800
0.5007550554299127200
0.3011329980942984400
0.8671024143879887400
0.4096833979053509100
0.4958859807341444200
0.3396544220187091600
0.8233412834249210800
0.5639053132964974000
0.4143062221987645600
0.2381894467522837600
0.5523428213241810000
0.8552645122391615600
0.5719926708073799200
0.8259951623337761200
0.3660818140465761400
0.0388324870685743950
0.6490713180125098300
0.4952174232993502600
0.3688377811645431900
0.8335465287716681300
0.9245936076873347800
0.4071278837477642600
0.8327938208092644500
0.0000000000000000000
0.0200000000000000000
0.0400000000000000010
0.0599999999999999980
0.0800000000000000020
0.1000000000000000100
0.1200000000000000000
0.1400000000000000100
0.1600000000000000000
0.1799999999999999900
0.2000000000000000100
0.2200000000000000000
0.2399999999999999900
0.2600000000000000100
0.2800000000000000300
0.2999999999999999900
0.3200000000000000100
0.3400000000000000200
0.3599999999999999900
0.3800000000000000000
0.4000000000000000200
0.4199999999999999800
0.4400000000000000000
0.4600000000000000200
0.4799999999999999800
0.5000000000000000000
0.5200000000000000200
0.5400000000000000400
0.5600000000000000500
0.5799999999999999600
0.5999999999999999800
0.6200000000000000000
0.6400000000000000100
0.6600000000000000300
0.6800000000000000500
0.6999999999999999600
0.7199999999999999700
0.7399999999999999900
0.7600000000000000100
0.7800000000000000300
0.8000000000000000400
0.8199999999999999500
0.8399999999999999700
0.8599999999999999900
0.8800000000000000000
0.9000000000000000200
0.9200000000000000400
0.9399999999999999500
0.9599999999999999600
0.9799999999999999800
1.0000000000000000000
0.0000000000000000000
1.0000000000000000000
0.0000000000000000000
1.0000000000000000000
0.0000000000000000000
1.0000000000000000000
0.0000000000000000000
1.0000000000000000000
0.0000000000000000000
1.0000000000000000000
0.0000000000000000000
1.0000000000000000000
0.0000000000000000000
1.0000000000000000000
0.0000000000000000000
1.0000000000000000000
0.0000000000000000000
1.0000000000000000000
0.0000000000000000000
1.0000000000000000000
0.0000000000000000000
1.0000000000000000000
0.0000000000000000000
1.0000000000000000000
0.0000000000000000000
1.0000000000000000000
0.0000000000000000000
1.0000000000000000000
0.0000000000000000000
1.0000000000000000000
0.0000000000000000000
1.0000000000000000000
0.0000000000000000000
1.0000000000000000000
0.0000000000000000000
1.0000000000000000000
0.0000000000000000000
1.0000000000000000000
0.0000000000000000000
1.0000000000000000000
0.0000000000000000000
1.0000000000000000000
0.0000000000000000000
1.0000000000000000000
0.0000000000000000000
1.0000000000000000000
0.0000000000000000000
1.0000000000000000000
0.0000000000000000000
1.0000000000000000000
0.0000000000000000000
1.0000000000000000000
0.0000000000000000000
1.0000000000000000000
0.0000000000000000000
1.0000000000000000000
0.0000000000000000000
1.0000000000000000000
0.0000000000000000000
1.0000000000000000000
0.0000000000000000000
1.0000000000000000000
0.0000000000000000000
1.0000000000000000000
0.0000000000000000000
1.0000000000000000000
0.0000000000000000000
1.0000000000000000000
0.0000000000000000000
1.0000000000000000000
0.0000000000000000000
1.0000000000000000000
0.0000000000000000000
1.0000000000000000000
0.0000000000000000000
1.0000000000000000000
0.0000000000000000000
1.0000000000000000000
0.0000000000000000000
1.0000000000000000000
0.0000000000000000000
1.0000000000000000000
0.0000000000000000000
1.0000000000000000000
0.0000000000000000000
1.0000000000000000000
0.0000000000000000000
1.0000000000000000000
0.0000000000000000000
1.0000000000000000000
0.0000000000000000000
1.0000000000000000000
0.0000000000000000000
1.0000000000000000000
0.0000000000000000000
1.0000000000000000000
0.0000000000000000000
1.0000000000000000000
0.0000000000000000000
0.0200000000000000000
0.0400000000000000010
0.0599999999999999980
0.0800000000000000020
0.1000000000000000100
0.1200000000000000000
0.1400000000000000100
0.1600000000000000000
0.1799999999999999900
0.2000000000000000100
0.2200000000000000000
0.2399999999999999900
0.2600000000000000100
0.2800000000000000300
0.2999999999999999900
0.3200000000000000100
0.3400000000000000200
0.3599999999999999900
0.3800000000000000000
0.4000000000000000200
0.4199999999999999800
0.4400000000000000000
0.4600000000000000200
0.4799999999999999800
0.5000000000000000000
0.5200000000000000200
0.5400000000000000400
0.5600000000000000500
0.5799999999999999600
0.5999999999999999800
0.6200000000000000000
0.6400000000000000100
0.6600000000000000300
0.6800000000000000500
0.6999999999999999600
0.7199999999999999700
0.7399999999999999900
0.7600000000000000100
0.7800000000000000300
0.8000000000000000400
0.8199999999999999500
0.8399999999999999700
0.8599999999999999900
0.8800000000000000000
0.9000000000000000200
0.9200000000000000400
0.9399999999999999500
0.9599999999999999600
0.9799999999999999800
1.0000000000000000000
0.1274780829567342700
0.4563801990529317600
0.0204552758569797150
0.8944880726200810100
0.8341512112561527700
0.3975987972948941100
0.4186449950692849900
0.1926042517013882600
0.3734050129933804100
0.6634725272047419200
0.2169837878636052500
0.0862656119946287460
0.3308512091593922600
0.5246550939691265700
0.0351651837401747780
0.7899378703989987600
0.5130591610854998700
0.7107266726276159100
0.3445985233638984600
0.4830108019688221200
0.5684799712242846200
0.6201237939009377500
0.5249556782351405500
0.3535796185502614900
0.2058729409277333100
0.3930909268459352700
0.9641002227525307100
0.6136254896704099700
0.1839060544840902500
0.6485060070534157700
0.4493108219098497200
0.8467260437616396200
0.8123995753312397400
0.5590803626504086100
0.1500574982122424000
0.4141211227094832000
0.2938378452676458400
0.0443332934935157940
0.5015273068274779300
0.6772957505615258000
0.2265802873527216500
0.8006301709742536000
0.4914383920728489000
0.5990075819894419300
0.7912509031461331100
0.5478989450074842600
0.2971731595940536000
0.3858435713465187500
0.7780050765751946900
0.2533358588361476200
0.3556091189026509000
0.0380951332198772170
0.8129987126095364900
0.6705992741338678800
0.6512126025285731600
0.1708331914295044600
0.4784611230370478500
0.5370144745956914000
0.4277873295845283600
0.8746813950977330200
0.8353563294475874200
0.9434913138619111000
0.6972815462554302600
0.4699150244991879800
0.5801951463171418600
0.9204001790303642000
0.1396162739340233200
0.3135956629499599400
0.6346435704797193100
0.3687205067217505500
0.8846920137826851400
0.3081791966570042200
0.2771835045485570600
0.1718114986769879400
0.0176330328141380660
0.5446172597020771900
0.2869050897515422700
0.2467531522783031900
0.5740048226529966800
0.4408877548875017000
0.9790475488325333100
0.2130159382656935100
0.0945452990500838530
0.6828156784590525600
0.6314731014080802200
0.3334566734228268700
0.7663667218870431300
0.8585287470623994600
0.9072790156794812200
0.0550359542257643840
0.9553020424748383000
0.7508041884360430200
0.0645979370875453540
0.5911445107931876400
0.1950878185841804800
0.2665039142478940500
0.1286097021273700500
0.7440562806476874700
0.2333401735670153400
0.1490225377657065900
0.6108709203656286200
0.9141530920100536800
0.7571748027693368000
0.9320040350534692900
0.7370791479882433700
0.7227351705570883600
0.6908858744557635500
0.9344239163591926400
0.1090466372223212300
0.1602774521245274900
0.0748999096038528990
0.9600853023995293800
0.7709743129995143600
0.2378504663812230900
0.4065583335161105400
0.3203637292128092600
0.1058767702308096400
0.5043411943403175400
0.9816048096456155800
0.8547352226892637200
0.0743690379475419190
0.8955416092640092800
0.4616430764714187800
0.4350817636245243900
0.8723657262497336300
0.2732396584534551600
0.7310756910822867600
0.7172533332165735900
0.1152024240481216600
0.8233412834249210800
0.0000000000000000000
1.0000000000000000000
0.0000000000000000000
1.0000000000000000000
0.3276239464213924200
0.6246029343651513500
0.8248106977721375600
0.9690433645093411400
0.1181390253938847300
0.7217249767593840700
0.3045537673214018200
0.5769125764399066800
0.9387170134422684300
0.2350416971920960000
0.7903091449347075000
0.8417550895882550700
0.4225833610303326200
0.9765630211993146000
0.5892067090357074900
0.2591639499774244800
0.5336466514390856300
0.0589982752078275770
0.1816544181917874600
0.6573043003891583200
0.3885294383247548400
0.8525245201050831700
0.0976461743907514890
0.1123817815362204600
0.5548346777705782700
0.4107237464544088400
0.6684872495459001100
0.7553070406577405700
0.6783880938016686500
0.8723900912311841600
0.5431337166596977900
0.0521543918247969470
0.0425395034809180060
0.4091885810233171200
0.0170769928284272500
0.6886442319195823500
0.0200728082707767010
0.4637270433328037900
0.8038524471691405000
0.0778114565915392350
0.4911770912518368400
0.9267642999183807200
0.0708421894228280640
0.3495401961147674400
0.3901436453223978100
0.8638420315739745400
0.3080755545866681300
0.6987860522587497900
0.4508038314804112500
0.2851489704345238600
0.9550010010550471500
0.7334490017376897900
0.7109383280061252200
0.6006786974268074600
0.6668886359982633100
0.6251947520972228600
0.0920640680549860980
0.7762843862311604700
0.6472536413770364500
0.3292783309736923000
0.7558645709396520900
0.2603726772158346200
0.9609794381313621100
0.7336982310289031900
0.6365138203469672400
0.2139108917112025600
0.1730443576681166600
0.6454478072466287600
0.5544584402048462500
0.4303109131533613400
0.3812260918114034900
0.7803832850988711200
0.8322056228401716300
0.7110822465403688900
0.5119879783134051500
0.6014967423006921700
0.5769553761997523500
0.1250917351255224900
0.3696432778850459200
0.6892745892956108100
0.8865488962517947800
0.4427298055617429600
0.2720145675134976700
0.0374185627055403850
0.1605762746319055500
0.6132575378562245000
0.5155732581622573000
0.8115034310812768700
0.5023601482403584600
0.9465499629046929500
0.2004757586501704200
0.3604600973493630700
0.1020354559880783000
0.9056509960054609500
0.8844272263931810500
0.8191778076961987500
0.8466416395148947900
0.5236096975376014500
0.1996284884558577900
0.0324089208243599700
0.2220635652372641700
0.1389740488936898300
0.3187754842610923700
0.2384006998258026700
0.2959448676879975500
0.0769362414376240370
0.4020119241797474000
0.4580109086359903100
0.1528340726955218200
0.7685772857180028800
0.1921588961045533900
0.4817619227383075900
0.9150388036081270600
0.2480330676257318800
0.7973563839811920200
0.1326370224415555400
0.2814704379143356800
0.8939094596366709000
0.5646381404946271300
0.9260384871862290500
0.3401435770147056600
0.1464593538001580700
0.7453540488587264700
0.4719087573817031800
0.9829809911089998400
0.0000000000000000000
1.0000000000000000000
0.0000000000000000000
1.0000000000000000000
-0.0569544937506833090
-0.0386757334998748880
-0.0363474236759394330
-0.0377569875514693340
-0.0543636874102261800
-0.0188828251400511470
-0.0204552758569797150
-0.0186677693627486300
-0.0180459165958131270
-0.0182010729999218040
-0.0190304512806219630
-0.0381648121881115670
-0.0366893126233929850
-0.0404696231503478420
-0.0192101114604915430
-0.0175539457215297680
-0.0351651837401747780
-0.0549567921664288960
-0.0194056991704708650
-0.0383231332050354420
-0.0180967114696062440
-0.0545314435145028490
-0.0589982752078275770
-0.0186394640339799420
-0.0377417671155885620
-0.0182970197682289610
-0.0189884013253000280
-0.0583418469045251520
-0.0582370204282522400
-0.0527163819185453570
-0.0371520180367550380
-0.0196321707891148650
-0.0552650192301686050
-0.0521543918247969470
-0.0356395059869835590
-0.0425395034809180060
-0.0170769928284272500
-0.0568431848147246330
-0.0191728666414592300
-0.0576605699900490450
-0.0200728082707767010
-0.0193854267204573020
-0.0354232951214409200
-0.0443332934935157940
-0.0205797418006481750
-0.0582935992834069310
-0.0190680766253140990
-0.0572106915753149430
-0.0363669836071933220
-0.0536247392510622240
-0.0406815567083634940
-0.0380951332198772170
-0.0349820006538506050
-0.0200538344945000550
-0.0196373675227610700
-0.0573415119878672720
-0.0355179566565706480
-0.0400561912919076490
-0.0364128242456572340
-0.0180839795935066670
-0.0201762054779210770
-0.0545379098579055270
-0.0599142193422458610
-0.0583170891087085450
-0.0532130216376607360
-0.0382454027466585590
-0.0565386299562767590
-0.0396554002991090020
-0.0523114176568498230
-0.0395150371381050580
-0.0547756171239496890
-0.0199051621351667920
-0.0410169718021944840
-0.0571048494317634090
-0.0176330328141380660
-0.0371826077978504170
-0.0562919146551516050
-0.0184044551591621770
-0.0378532124900684140
-0.0185002602816976840
-0.0376860932575307090
-0.0572950995703964610
-0.0180466571643847950
-0.0369402560266038490
-0.0365170073562263860
-0.0191656765808419890
-0.0374185627055403850
-0.0408518408673841510
-0.0420222738786765470
-0.0542244927070320850
-0.0550359542257643840
-0.0547928702142931460
-0.0184859897691793710
-0.0366786037256501140
-0.0324089208243599700
-0.0563077369333820910
-0.0387902710708126140
-0.0185218648058251830
-0.0553120193789651480
-0.0185422131877670430
-0.0561166050331808120
-0.0353915690449902730
-0.0562104663387736420
-0.0382922584047615390
-0.0193692406395692270
-0.0202673669748630360
-0.0184180113776580700
-0.0366203397801569550
-0.0173366568159045510
-0.0382560272766966290
-0.0349775174184674690
-0.0187653217300290600
-0.0190605620389653340
-0.0362330114741479940
-0.0398004820372334990
-0.0179256991805867680
-0.0180385684085982360
-0.0414538038303752240
-0.0190950638299611440
-0.0189307831056903520
-0.0556535678667181430
-0.0376128960030802030
-0.0177976023876460220
-0.0585295461292650170
-0.0186096270326143070
-0.0201305707849489190
-0.0396023211873845900
-0.0590377202713253950
-0.0397782702009628130
-0.0557735549592498350
-0.0388324870685743950
-0.0200000000000000000
-0.0400000000000000010
-0.0200000000000000000
-0.0400000000000000010
-0.0204552758569797150
-0.0351651837401747780
-0.0443332934935157940
-0.0380951332198772170
-0.0176330328141380660
-0.0550359542257643840
-0.0589982752078275770
-0.0521543918247969470
-0.0425395034809180060
-0.0170769928284272500
-0.0200728082707767010
-0.0374185627055403850
-0.0324089208243599700
1.0378991170056837000
1.0544711533928510000
1.0532362594386477000
1.0380365934280471000
1.0191420324795246000
1.0591803912832241000
1.0309566354906590000
1.0186401779044518000
1.0209740060391170000
1.0234369788006854000
1.0559923976814982000
1.0189883411324956000
1.0181580836430468000
1.0571973940768520000
1.0524996798304840000
1.0341424611849988000
1.0366005406011269000
1.0189976845666546000
1.0183964410770570000
1.0390751229048387000
1.0190739322571178000
1.0195220883936433000
1.0549227156857228000
1.0555914359254976000
1.0535332792797547000
1.0394525340125158000
1.0482470409808433000
1.0565511966785697000
1.0366860985255231000
1.0363685436668557000
1.0358997772474692000
1.0533411584449772000
1.0387933212969855000
1.0198959389121809000
1.0532263985337265000
1.0590328285041668000
1.0372342525610607000
1.0368471895226048000
1.0370330325401751000
1.0378076277892498000
1.0202630845305860000
1.0579221505873693000
1.0388950067848031000
1.0449989989449529000
1.0592868795617436000
1.0183948471954078000
1.0367807995391294000
1.0200990097721534000
1.0354810955101006000
1.0190767726017078000
1.0523623930295549000
1.0387823758091790000
1.0385441354113185000
1.0194428753945832000
1.0565086861380890000
1.0420299000456890000
1.0399673222556562000
1.0575334748872876000
1.0559479230518056000
1.0413516867259835000
1.0472214122757681000
1.0390205618686379000
1.0191397533632638000
1.0193126104869168000
1.0362590686442632000
1.0185042222140881000
1.0390966868175397000
1.0200064098616526000
1.0353851400981440000
1.0190256546672818000
1.0179811996593924000
1.0188370188267952000
1.0209524511674668000
1.0188450157878819000
1.0499499108695742000
1.0370754431349078000
1.0384558048609063000
1.0553559268006594000
1.0567636452811402000
1.0166775887195696000
1.0557922069077592000
1.0193727206866576000
1.0526328447819981000
1.0446979575251616000
1.0534500370953070000
1.0576880885203768000
1.0374349733415165000
1.0581466767118490000
1.0337796031438575000
1.0599767608400619000
1.0543267257130469000
1.0577946904848621000
1.0193928415604216000
1.0382380543636034000
1.0194741903985427000
1.0377794510829628000
1.0192731082898474000
1.0291764865256465000
1.0576937979171994000
1.0399435984360734000
1.0193293694297483000
1.0550803726228999000
1.0532979992409168000
1.0357279394423322000
1.0399146976004707000
1.0190077120535777000
1.0192271163105575000
1.0377161084849098000
1.0188211461249259000
1.0556056884812772000
1.0589930118099262000
1.0226179836871876000
1.0369403215825876000
1.0369236087391296000
1.0176275217227058000
1.0187639586801354000
1.0585535862027191000
1.0183951903543844000
1.0583794816015641000
1.0355430801058492000
1.0187802051190249000
1.0186225401254307000
1.0505985149579158000
1.0378576830472708000
1.0196083204725390000
1.0170190088910003000
1.0194890325188690000
1.0400000000000000000
1.0200000000000000000
1.0400000000000000000
1.0200000000000000000
1.0358997772474692000
1.0565086861380890000
1.0209524511674668000
1.0446979575251616000
1.0399146976004707000
1.0183951903543844000
1.0309566354906590000
1.0234369788006854000
1.0449989989449529000
1.0390205618686379000
1.0534500370953070000
1.0170190088910003000
